186049272	207	7	8	231	9	227	205	
186051336	4	11	6	99	13	4	15	
186053400	5	97	7	35	84	5	67	
186054432	4	4	5	4	50	4	47	
186055464	4	5	71	5	72	68	58	
186056496	4	6	197	7	164	202	162	
186057528	188	5	8	206	9	201	184	
186058560	200	6	6	167	8	212	147	
186059592	4	4	6	101	6	3	8	
186060624	6	193	7	148	181	8	177	
186063720	4	4	53	4	55	53	50	
186065784	166	6	10	187	11	181	169	
186067848	4	4	6	100	5	3	8	
186068880	5	175	8	134	174	8	165	
186069912	5	127	6	61	98	6	72	
186070944	4	5	6	5	51	4	37	
186071976	4	4	37	4	38	36	47	
186073008	4	6	208	8	170	206	150	
186074040	148	6	25	161	27	177	166	
186075072	231	7	8	202	10	255	187	
186076104	3	4	5	101	5	4	8	
186080232	4	4	20	4	19	19	45	
186082296	126	6	36	141	35	168	152	
186084360	4	4	6	102	4	3	9	
186085392	5	148	8	100	145	7	138	
186086424	5	155	8	92	126	6	102	
186087456	4	4	5	5	52	5	10	
186088488	4	4	5	4	5	5	44	
186089520	4	7	220	9	211	222	181	
186090552	103	5	52	120	35	163	135	
186091584	255	7	8	225	10	255	201	
186094680	6	172	9	108	144	8	112	
186095712	4	4	5	5	53	5	5	
186097776	5	6	205	8	209	211	179	
186099840	255	7	8	224	10	255	202	
186100872	33	5	6	123	5	38	39	
186101904	5	117	7	93	120	6	108	
186102936	5	181	8	117	151	7	125	
186103968	4	4	5	5	53	4	4	
186105000	4	4	5	4	5	5	55	
186106032	5	5	194	8	193	185	163	
186107064	67	4	85	76	49	153	111	
186109128	55	4	7	127	6	58	53	
186111192	6	190	9	128	164	6	133	
186113256	5	5	5	4	5	4	53	
186114288	4	6	171	7	171	170	145	
186115320	46	5	104	55	64	155	106	
186116352	255	6	8	227	11	255	201	
186117384	76	5	5	134	6	82	74	
186118416	5	88	6	92	91	5	87	
186119448	5	195	7	147	164	7	134	
186120480	4	19	6	4	67	4	16	
186121512	4	4	5	5	5	4	57	
186122544	5	6	154	7	152	148	132	
186123576	28	5	123	34	82	147	103	
186124608	255	6	7	237	9	255	213	
186125640	96	5	6	141	7	103	93	
186126672	5	76	7	91	76	6	71	
186127704	6	194	9	161	161	7	136	
186128736	5	34	6	9	81	5	27	
186129768	5	5	6	5	5	4	57	
186130800	5	5	140	7	137	138	116	
186131832	10	5	137	13	98	146	98	
186132864	250	6	7	252	11	255	226	
186133896	110	4	6	138	7	121	95	
186134928	4	58	6	83	63	5	60	
186135960	6	189	9	170	161	7	137	
186136992	4	51	6	9	97	6	42	
186138024	4	5	6	4	5	5	53	
186139056	4	5	118	6	115	117	96	
186140088	4	5	152	6	117	156	110	
186141120	249	7	9	255	10	255	242	
186142152	134	5	5	134	7	144	94	
186143184	4	44	5	67	46	5	45	
186144216	7	191	9	190	163	7	136	
186145248	5	62	5	8	100	5	57	
186146280	5	5	6	5	7	5	50	
186147312	3	5	110	6	115	109	83	
186148344	4	6	167	6	125	169	129	
186149376	232	7	9	253	11	249	230	
186150408	157	5	6	123	8	165	99	
186151440	4	29	6	84	31	4	32	
186152472	6	195	10	185	172	8	144	
186153504	5	78	6	15	91	5	65	
186154536	5	4	5	5	26	5	51	
186155568	4	5	94	6	97	93	69	
186156600	5	6	180	8	140	185	141	
186157632	211	6	8	235	9	228	209	
186158664	175	5	7	133	9	186	118	
186159696	4	16	6	99	16	4	18	
186160728	6	193	8	168	179	9	159	
186161760	4	90	6	31	81	5	64	
186162792	4	5	5	5	45	5	46	
186163824	4	5	73	6	77	74	60	
186164856	4	6	197	7	158	200	157	
186165888	192	6	8	213	9	207	188	
186166920	193	6	7	155	7	204	140	
186167952	4	4	6	97	6	4	8	
186168984	6	190	7	152	186	7	172	
186170016	4	105	7	46	87	6	69	
186171048	4	5	5	5	52	5	45	
186172080	4	5	58	5	59	59	49	
186173112	4	5	209	9	176	210	169	
186174144	168	5	7	187	8	190	170	
186175176	211	6	8	188	9	223	161	
186176208	3	3	6	103	5	5	8	
186177240	6	177	8	138	179	7	166	
186178272	5	123	7	61	96	6	69	
186179304	3	4	5	4	52	5	40	
186180336	4	3	40	5	43	42	46	
186181368	4	8	206	8	172	208	156	
186182400	154	6	22	171	24	182	161	
186183432	240	6	8	205	10	252	180	
186184464	4	4	5	101	6	4	8	
186185496	6	166	8	124	167	8	153	
186186528	5	135	6	76	111	6	83	
186187560	4	4	5	5	52	5	25	
186188592	3	4	24	4	22	22	46	
186189624	5	6	221	8	186	218	155	
186190656	130	5	32	146	35	171	158	
186191688	252	7	7	222	10	255	205	
186192720	4	4	5	95	5	3	8	
186193752	5	149	8	106	151	7	144	
186194784	6	151	9	91	124	6	97	
186195816	5	4	5	4	51	4	13	
186196848	4	4	7	3	8	7	45	
186197880	5	7	215	7	209	219	176	
186198912	110	4	46	124	34	165	140	
186199944	254	8	9	226	10	255	197	
186200976	12	4	5	110	5	13	16	
186202008	5	137	7	93	136	6	124	
186203040	6	168	8	108	136	7	108	
186204072	5	4	5	4	50	5	5	
186205104	5	5	5	4	6	5	54	
186206136	5	7	214	8	217	214	185	
186207168	89	5	63	107	33	162	124	
186208200	250	7	8	226	10	255	195	
186209232	30	4	5	121	5	31	34	
186210264	5	124	7	91	126	6	112	
186211296	5	179	8	109	146	8	123	
186212328	5	4	5	5	52	5	5	
186213360	4	4	6	4	5	4	54	
186214392	4	6	192	8	196	195	167	
186215424	72	5	83	85	40	160	112	
186216456	255	7	9	225	11	255	208	
186221616	5	4	6	4	5	5	56	
186222648	4	6	179	8	175	176	153	
186224712	254	7	8	221	11	255	199	
186226776	5	95	7	88	92	6	92	
186227808	5	195	9	145	161	6	134	
186228840	5	16	6	5	64	4	16	
186229872	5	5	5	4	5	5	56	
186230904	5	6	159	7	162	154	136	
186231936	31	5	116	38	78	150	104	
186232968	252	7	8	232	9	255	208	
186234000	89	4	6	143	6	91	88	
186235032	4	79	6	91	81	5	75	
186237096	4	30	5	8	79	6	27	
186238128	4	5	5	3	5	5	55	
186240192	13	4	136	17	99	147	100	
186241224	245	7	8	242	10	255	222	
186242256	111	5	7	132	6	118	95	
186243288	4	60	6	89	63	6	64	
186244320	6	191	9	165	163	7	138	
186245352	4	44	6	9	92	5	40	
186246384	5	5	5	4	6	4	56	
186247416	4	5	119	6	123	124	102	
186249480	254	7	10	255	11	255	240	
186251544	4	46	6	75	48	5	48	
186252576	6	192	9	187	160	6	137	
186254640	4	4	5	4	6	5	50	
186255672	4	6	115	6	115	115	90	
186256704	4	6	166	7	123	160	116	
186257736	239	7	8	255	10	254	233	
186258768	149	6	6	129	8	160	96	
186259800	4	32	6	78	36	4	33	
186260832	6	192	8	186	168	8	142	
186261864	4	74	6	12	98	5	68	
186262896	5	5	6	4	21	5	51	
186263928	5	5	96	6	102	95	72	
186264960	4	6	177	7	136	174	143	
186265992	216	7	9	234	9	231	213	
186267024	169	5	6	132	7	181	119	
186268056	5	17	6	94	19	4	20	
186269088	5	194	10	170	173	7	155	
186270120	5	91	6	27	82	6	64	
186271152	3	5	6	4	43	5	44	
186272184	4	4	82	5	78	79	61	
186273216	4	6	195	7	159	194	154	
186274248	198	6	7	219	9	211	196	
186275280	191	6	7	155	9	206	138	
186276312	4	5	6	101	5	4	8	
186277344	5	193	9	153	181	8	171	
186278376	5	102	6	41	87	6	66	
186279408	4	4	5	5	52	5	45	
186280440	4	5	62	5	65	62	52	
186281472	5	6	205	8	172	211	166	
186282504	168	5	8	199	9	192	173	
186283536	213	7	7	176	8	227	161	
186284568	3	4	6	100	6	4	8	
186285600	6	185	8	144	180	8	176	
186286632	5	118	6	57	94	5	66	
186287664	5	5	5	5	52	5	42	
186288696	4	4	45	6	46	44	46	
186289728	4	6	211	7	173	208	158	
186290760	157	6	18	176	19	183	166	
186291792	231	7	8	193	8	241	176	
186292824	4	4	6	103	5	4	9	
186293856	5	173	9	125	171	7	156	
186294888	5	133	7	69	105	5	81	
186295920	5	4	5	5	50	4	31	
186296952	5	5	28	4	27	27	46	
186297984	5	6	217	7	184	213	156	
186299016	139	5	31	153	34	176	163	
186300048	246	7	8	217	10	255	197	
186301080	4	5	6	100	6	4	8	
186302112	5	151	7	109	153	7	142	
186303144	5	148	7	89	118	7	93	
186304176	5	4	5	4	51	5	17	
186305208	5	4	11	4	12	11	43	
186306240	4	6	221	9	195	215	173	
186307272	117	5	44	133	34	166	146	
186308304	252	7	7	225	10	255	203	
186309336	8	4	5	104	5	8	12	
186310368	5	140	7	96	137	6	131	
186311400	5	161	7	101	137	7	106	
186312432	4	5	5	5	53	4	5	
186313464	5	5	5	3	6	5	51	
186314496	4	7	212	8	211	209	182	
186315528	98	5	60	110	34	159	128	
186316560	255	6	8	220	10	255	207	
186317592	26	4	6	122	5	30	32	
186318624	5	125	7	90	129	6	117	
186319656	6	179	7	110	145	6	122	
186320688	3	4	5	4	52	3	4	
186321720	4	4	6	4	5	4	55	
186322752	5	6	197	8	196	198	172	
186323784	77	5	75	90	38	156	111	
186324816	255	7	8	225	10	255	208	
186325848	46	4	5	123	6	49	45	
186326880	4	111	7	94	114	6	102	
186327912	5	193	8	125	160	7	134	
186328944	4	4	5	5	49	5	5	
186329976	3	3	6	4	5	4	56	
186331008	4	6	177	8	180	179	154	
186332040	54	5	93	65	56	150	105	
186333072	254	7	8	228	10	255	201	
186334104	65	4	6	133	6	69	65	
186335136	5	98	6	92	95	5	91	
186336168	6	192	8	140	158	6	136	
186337200	4	13	6	5	63	4	12	
186338232	4	5	5	4	5	5	58	
186339264	5	5	158	7	167	163	136	
186340296	38	6	112	41	74	149	106	
