34777308	7	6	6	75	7	7	6	
34778238	7	68	8	8	77	8	70	
34779168	7	64	8	75	45	7	6	
34780098	6	8	7	6	7	7	7	
34781028	8	7	6	7	7	8	69	
34781957	7	7	7	6	7	7	7	
34782887	7	8	80	8	91	85	81	
34783817	81	7	7	105	8	104	93	
34784747	83	8	6	18	7	99	14	
34789396	8	7	7	6	6	8	69	
34791256	7	7	86	9	92	86	83	
34793116	84	8	7	23	8	100	15	
34794046	7	7	6	13	6	7	7	
34794976	8	67	7	8	77	8	69	
34795906	7	71	7	76	42	7	6	
34796835	8	7	6	8	6	7	6	
34797765	8	8	7	7	6	8	69	
34798695	7	8	82	9	95	85	83	
34799625	8	7	82	9	89	88	81	
34800555	84	7	7	111	8	103	98	
34801485	81	7	7	13	8	107	16	
34802415	7	8	7	6	6	6	6	
34803345	7	70	7	7	79	8	69	
34804274	8	72	7	76	48	7	6	
34805204	7	8	7	7	7	7	7	
34806134	7	7	7	7	7	8	70	
34807064	6	8	83	9	94	87	81	
34807994	7	8	81	7	56	85	52	
34808924	82	7	7	110	8	103	98	
34809854	84	8	7	96	8	102	93	
34810784	7	8	7	7	6	6	6	
34811713	8	70	7	47	79	8	68	
34812643	8	67	7	77	42	7	6	
34813573	7	7	7	8	7	7	6	
34814503	7	7	7	6	6	8	66	
34815433	7	8	84	8	92	91	84	
34816363	7	7	78	7	7	84	7	
34817293	84	8	7	108	8	106	98	
34818223	82	7	7	107	9	103	97	
34819152	6	7	8	61	6	6	6	
34820082	7	69	8	77	78	8	70	
34821012	8	68	8	78	39	7	6	
34821942	7	8	7	7	31	6	7	
34822872	7	7	7	7	6	7	10	
34823802	7	8	84	9	92	85	78	
34824732	7	7	80	7	6	84	7	
34825662	79	8	8	105	8	102	97	
34826591	85	8	7	105	7	105	97	
34827521	7	8	7	72	7	7	6	
34828451	7	67	8	76	77	8	66	
34829381	7	68	8	78	41	8	36	
34830311	7	8	6	7	106	7	7	
34831241	7	7	6	6	6	8	5	
34832171	7	7	83	7	91	86	58	
34833101	7	8	83	7	7	83	8	
34834030	82	7	8	109	9	105	100	
34834960	84	8	8	107	8	104	96	
34835890	8	7	7	74	6	7	7	
34836820	8	69	7	80	79	8	69	
34837750	7	68	8	20	70	8	68	
34838680	7	7	7	8	105	7	6	
34839610	7	6	6	6	7	7	6	
34840540	7	7	83	8	89	89	33	
34841469	7	7	79	7	8	86	7	
34842399	86	8	7	106	7	102	100	
34843329	84	7	6	109	8	105	95	
34844259	7	7	7	76	7	6	6	
34845189	7	69	8	75	79	8	69	
34846119	8	67	8	7	77	9	68	
34847049	7	8	6	7	101	7	6	
34851698	82	7	7	105	8	104	95	
34853558	7	69	7	77	78	8	71	
34855418	7	7	7	8	104	7	6	
34856347	8	7	8	7	7	8	46	
34857277	7	7	79	8	92	88	31	
34858207	7	8	36	7	38	36	34	
34859137	82	7	7	108	8	104	94	
34860067	81	7	7	104	8	101	95	
34860997	7	7	7	80	6	7	6	
34861927	7	71	7	79	78	7	71	
34862857	7	70	8	6	79	7	68	
34867506	81	7	7	104	8	100	96	
34869366	7	7	6	77	7	8	54	
34871225	8	70	7	7	79	8	69	
34872155	7	7	6	7	7	7	6	
34873085	8	7	6	7	7	7	6	
34874015	7	7	83	7	90	84	63	
34874945	6	7	86	8	90	86	77	
34875875	84	8	7	107	8	102	97	
34876805	86	8	7	106	8	104	95	
34877735	8	7	6	79	6	7	6	
34878664	8	69	8	76	79	8	70	
34879594	8	70	7	8	76	8	70	
34880524	7	8	7	7	6	7	7	
34881454	7	8	7	7	7	7	6	
34882384	6	8	83	8	92	86	66	
34883314	8	8	69	7	76	72	67	
34884244	84	8	7	107	8	103	94	
34885174	78	8	6	104	8	102	96	
34886103	7	7	7	78	6	7	7	
34887033	7	67	8	78	76	8	67	
34887963	8	69	8	31	63	8	46	
34888893	7	7	7	7	7	8	7	
34889823	7	8	7	7	6	7	7	
34890753	7	8	85	8	93	89	82	
34891683	7	7	6	6	7	7	6	
34892613	82	8	6	103	9	102	98	
34893542	20	7	6	24	7	26	22	
34894472	6	7	6	66	6	7	7	
34895402	7	68	8	78	78	8	69	
34896332	7	66	7	8	77	8	64	
34897262	7	7	7	6	6	7	6	
34898192	6	8	6	7	7	7	6	
34899122	7	7	82	7	88	83	81	
34900052	7	7	7	7	6	7	7	
34900981	83	8	7	97	7	103	87	
34901911	6	7	6	7	6	6	6	
34902841	8	7	8	6	6	6	6	
34903771	8	71	8	78	78	8	69	
34904701	8	70	7	7	78	9	66	
34905631	7	7	7	7	6	7	6	
34906561	7	8	6	6	6	7	60	
34907491	7	7	81	8	95	88	84	
34908420	7	7	7	7	6	7	6	
34909350	81	7	8	101	8	105	89	
34913070	7	67	8	7	76	9	69	
34914930	7	7	7	6	7	8	6	
34916789	8	7	7	6	6	7	6	
34917719	83	7	7	105	8	100	96	
34918649	7	7	7	7	7	6	7	
34919579	8	7	6	7	7	7	7	
34920509	7	67	8	22	41	8	65	
34921439	7	8	7	6	7	8	7	
34922369	8	7	8	6	6	7	7	
34923298	7	7	7	7	6	7	7	
34924228	7	8	18	7	9	26	81	
34925158	7	7	7	7	6	7	7	
34926088	81	7	7	107	8	102	94	
34927018	8	7	7	7	6	8	7	
34927948	8	8	7	8	6	7	6	
34929808	7	7	7	8	7	8	7	
34931667	6	8	6	6	6	7	6	
34932597	6	8	57	7	49	56	80	
34933527	7	7	6	6	6	7	7	
34934457	85	8	7	107	8	106	99	
34935387	7	7	5	7	6	6	6	
34936317	8	6	8	7	7	7	7	
34937247	7	68	7	64	72	7	67	
34938176	7	7	7	6	7	7	6	
34939106	8	8	7	7	7	7	7	
34940036	7	6	7	6	5	7	7	
34940966	7	8	82	8	95	89	82	
34941896	7	7	7	7	6	7	7	
34942826	86	7	7	111	7	103	97	
34943756	7	7	7	8	6	7	7	
34944686	6	8	7	7	7	7	6	
34945615	8	68	7	75	80	8	69	
34946545	8	7	6	7	7	7	7	
34947475	7	7	7	7	6	7	6	
34948405	8	8	7	6	6	7	7	
34949335	8	8	82	9	94	89	79	
34950265	7	6	7	6	6	6	7	
34951195	80	7	8	106	8	104	98	
34952125	8	7	7	8	7	7	6	
34953054	7	8	6	7	7	8	6	
34953984	7	68	7	80	78	8	68	
34954914	7	7	7	7	7	7	7	
34955844	8	8	6	6	6	8	6	
34956774	7	8	7	8	5	7	6	
34957704	6	8	83	9	88	87	80	
34958634	7	7	6	6	6	7	6	
34959564	81	7	7	105	8	105	101	
34960493	7	8	7	6	6	7	6	
34961423	7	7	7	8	7	6	6	
34962353	7	68	8	77	79	8	68	
34963283	7	7	7	7	7	6	7	
34964213	7	8	6	7	7	7	6	
34965143	8	7	6	6	6	7	7	
34966073	7	8	84	7	91	86	81	
34967003	48	7	8	59	7	58	55	
34967932	85	8	7	100	8	103	87	
34968862	7	6	7	8	6	7	7	
34969792	7	7	7	7	7	7	6	
34970722	7	68	9	76	80	8	69	
34971652	7	7	7	7	6	7	7	
34972582	7	7	7	7	6	6	7	
34973512	7	7	7	6	6	7	6	
34974442	7	8	82	8	89	84	81	
34975371	82	6	7	102	8	104	96	
34976301	85	6	7	32	8	102	33	
34977231	7	6	8	80	7	7	6	
34978161	8	32	7	7	37	7	34	
34979091	7	68	8	76	76	9	70	
34980021	7	7	7	7	6	7	6	
34980951	8	7	7	7	7	7	8	
34981881	8	7	7	8	6	7	7	
34982810	7	7	80	8	88	85	77	
34983740	82	7	7	106	7	103	103	
34984670	82	7	7	13	7	101	16	
34985600	7	8	6	74	7	8	7	
34986530	8	69	7	7	78	8	67	
34987460	8	70	8	67	52	8	70	
34990249	8	7	8	7	6	7	7	
34991179	7	7	79	7	93	86	80	
34993039	81	7	6	17	8	104	15	
34994899	8	67	7	7	76	8	68	
34995829	8	67	8	70	41	8	34	
34996759	8	7	7	7	6	7	7	
34997688	7	7	6	6	6	7	69	
34998618	7	7	7	7	6	6	6	
34999548	6	7	81	8	90	84	80	
35000478	85	7	7	110	8	105	98	
35001408	84	8	7	25	8	101	15	
35002338	8	7	7	78	7	7	7	
35003268	8	70	7	7	78	8	70	
35004198	7	67	8	76	42	8	6	
35005127	7	7	6	7	6	7	7	
35006057	7	6	7	7	7	8	68	
35006987	7	7	6	6	6	7	6	
35007917	6	8	84	8	93	85	80	
35008847	87	8	8	105	8	108	97	
35009777	82	7	7	14	7	103	11	
35010707	8	7	8	71	7	7	6	
35011637	8	66	8	8	76	8	70	
35012566	8	69	7	75	42	7	7	
35013496	8	8	6	7	7	7	7	
35014426	8	7	6	6	6	7	70	
35015356	7	8	22	7	23	22	21	
35016286	7	7	81	8	90	87	81	
35017216	83	8	7	103	8	102	98	
35018146	83	7	6	14	6	102	14	
35019076	7	7	6	7	6	7	7	
35020005	8	69	7	7	78	10	68	
35020935	8	69	8	78	42	7	7	
35021865	7	8	6	7	7	7	7	
35022795	6	7	7	7	6	8	66	
35023725	7	7	80	7	89	86	79	
35024655	7	7	84	8	95	86	80	
35025585	80	8	8	108	8	101	96	
35026515	82	7	6	39	7	103	35	
35027444	8	7	6	6	7	7	6	
35028374	7	69	7	8	76	8	68	
35029304	8	68	7	78	45	7	7	
35030234	7	7	7	6	6	7	7	
35031164	7	8	7	7	6	8	69	
35032094	6	7	84	8	95	87	81	
35033024	7	8	84	7	17	85	16	
35033954	85	8	6	108	8	105	95	
35034883	82	7	7	105	8	102	94	
35035813	7	7	6	9	6	7	6	
35036743	7	67	7	77	79	8	69	
35037673	7	67	8	78	44	7	6	
35038603	6	8	6	6	7	7	6	
35039533	7	7	7	6	6	8	59	
35040463	7	8	83	8	92	88	79	
35041393	7	7	84	8	8	86	7	
35042322	82	7	7	109	8	105	96	
35043252	85	8	7	111	8	102	99	
35044182	7	7	6	78	8	7	6	
35045112	7	70	7	75	77	9	65	
35046042	7	66	7	76	43	7	6	
35046972	7	7	6	6	75	6	6	
35047902	8	8	6	7	7	7	7	
35048832	7	8	84	8	90	89	78	
35049761	7	8	82	7	7	86	7	
35050691	81	8	7	105	7	109	96	
35052551	7	7	7	77	7	7	7	
35054411	7	68	8	71	39	8	65	
35055341	7	7	6	7	101	6	6	
35056271	7	7	7	7	6	7	6	
35057200	6	8	81	8	92	86	39	
35058130	7	7	83	8	7	85	8	
35059060	83	8	7	104	9	104	98	
35059990	82	8	7	108	8	105	96	
35060920	7	8	7	76	7	7	7	
35061850	7	68	8	77	78	9	69	
35062780	8	69	7	8	76	8	69	
35063710	7	8	6	7	103	7	6	
35064639	6	7	7	7	6	6	7	
35065569	7	8	83	8	89	87	31	
35068359	85	8	7	110	8	101	97	
35069289	7	7	7	74	7	7	5	
35071149	7	69	9	7	78	8	68	
35073008	7	7	7	7	6	8	6	
35073938	7	7	82	8	89	84	31	
35074868	7	7	25	7	8	25	41	
35075798	85	7	6	107	9	106	96	
35076728	88	8	7	107	8	104	99	
35077658	7	7	8	75	6	6	6	
35078588	8	68	7	79	77	8	73	
35079517	7	68	7	7	78	7	69	
35080447	7	7	7	8	105	7	7	
35081377	6	7	7	7	6	8	70	
35082307	7	8	83	8	90	87	42	
35083237	7	8	70	8	77	78	68	
35084167	81	9	7	104	7	100	97	
35085097	81	7	7	99	8	106	88	
35086027	7	8	7	74	6	7	7	
35086956	7	70	7	76	79	9	71	
35087886	7	71	6	7	76	9	68	
35088816	6	6	6	8	78	6	7	
35089746	8	7	6	7	6	7	7	
35090676	6	7	83	8	91	90	56	
35091606	7	7	84	8	90	86	80	
35092536	82	7	7	107	8	104	96	
35093466	82	7	8	105	8	106	94	
35094395	8	7	6	77	7	8	56	
35095325	7	67	8	76	78	8	68	
35096255	7	71	8	7	75	8	70	
35097185	7	8	7	7	6	7	6	
35098115	6	7	7	7	6	8	7	
35099045	7	8	83	8	92	85	55	
35099975	7	7	85	8	91	88	79	
35100905	84	7	7	108	9	103	99	
35101834	85	8	7	109	8	105	97	
35102764	8	7	7	75	8	7	7	
35103694	7	69	8	76	78	7	70	
35104624	7	69	7	7	79	8	65	
35105554	7	7	8	8	6	7	6	
35106484	7	8	7	7	7	7	7	
35107414	6	8	82	8	91	86	80	
35108344	7	7	33	6	38	36	32	
35109273	81	8	8	109	8	103	95	
35110203	73	7	7	95	8	93	91	
35111133	7	7	6	77	6	7	6	
35112063	8	67	8	81	80	9	64	
35115783	7	8	85	8	92	90	78	
35116712	7	7	6	7	7	6	6	
35118572	7	7	6	7	7	7	7	
35120432	6	68	8	78	78	7	67	
35121362	7	70	8	7	79	9	69	
35122292	7	7	7	7	7	7	7	
35123222	7	8	7	7	6	7	8	
35124151	7	7	82	8	90	87	81	
35125081	6	7	7	7	6	7	6	
35126011	81	8	7	100	8	109	84	
35126941	7	7	8	8	6	7	7	
35127871	7	8	6	7	7	6	7	
35131590	7	7	6	7	6	8	47	
35133450	8	6	6	7	7	7	6	
35135310	7	7	6	7	7	7	5	
35136240	7	7	7	6	6	7	6	
35137170	8	65	8	74	74	8	71	
35138100	8	62	7	8	71	9	63	
35139029	7	7	6	7	7	7	7	
35139959	7	8	5	6	5	7	6	
35140889	6	7	53	8	50	53	81	
35141819	7	7	6	7	6	7	6	
35142749	83	8	7	112	7	104	98	
35143679	6	7	7	6	6	6	6	
35144609	7	7	6	7	7	7	7	
35145539	7	68	7	20	38	9	69	
35146468	8	8	7	7	7	7	7	
35148328	7	8	7	7	5	6	7	
35150188	7	7	7	6	5	6	6	
35151118	84	8	8	104	8	104	99	
35152048	7	7	6	7	6	6	6	
35152978	7	8	7	7	6	7	7	
35153907	8	69	7	25	42	8	68	
35154837	7	7	7	8	7	8	6	
35155767	7	7	7	7	7	7	6	
35156697	8	7	6	7	6	7	6	
35157627	7	8	82	8	91	86	80	
35158557	7	7	6	7	6	7	7	
35159487	85	7	6	106	8	104	99	
35160417	7	8	7	6	7	7	7	
35161346	7	7	6	7	6	7	7	
35162276	8	69	8	73	77	8	71	
35163206	7	7	7	7	6	6	7	
35164136	7	7	7	7	6	7	6	
35165066	7	7	7	6	7	6	7	
35165996	7	8	83	8	92	87	83	
35166926	7	7	6	6	6	7	6	
35167856	83	8	8	108	8	104	97	
35168785	6	8	7	7	7	7	7	
35169715	7	7	7	6	7	7	7	
35170645	7	69	7	78	79	8	70	
35171575	7	7	6	7	7	7	7	
35172505	7	7	7	6	5	7	6	
35173435	6	7	7	7	5	8	7	
35174365	7	8	82	9	91	87	83	
35175295	7	7	6	7	5	7	7	
35176224	84	8	6	107	9	106	101	
35177154	7	7	7	7	6	8	7	
35178084	8	8	7	7	6	7	7	
35179014	8	69	9	77	81	8	67	
35179944	8	8	7	7	7	7	6	
35180874	8	7	7	7	6	7	6	
35181804	7	8	6	6	6	6	7	
35182734	8	7	84	8	98	88	81	
35183663	7	7	7	7	7	7	6	
35184593	84	8	7	105	8	106	93	
35185523	7	7	7	7	7	7	6	
35186453	8	7	6	7	7	7	7	
35187383	7	68	8	76	76	8	72	
35188313	7	7	7	8	7	7	6	
35189243	7	7	7	6	7	7	6	
35190173	7	7	7	6	6	6	6	
35194822	7	7	6	7	7	6	7	
35196682	7	8	6	6	6	7	7	
35198541	7	6	7	7	6	7	7	
35199471	6	8	86	8	90	85	80	
35200401	79	8	7	110	9	102	96	
35201331	82	8	7	17	7	102	19	
35202261	8	7	7	73	7	7	6	
35203191	7	59	7	7	65	8	57	
35204121	8	69	7	76	77	8	71	
35205051	8	7	7	7	5	7	7	
35205980	7	8	6	7	6	8	33	
35209700	86	8	6	14	7	106	12	
35211560	7	69	8	8	78	8	69	
35213419	8	7	7	7	7	7	7	
35214349	7	7	7	6	6	8	68	
35215279	7	7	7	7	6	7	7	
35216209	7	7	84	8	91	88	79	
35217139	84	7	7	106	8	106	97	
35218069	84	8	7	17	7	102	13	
35218999	8	8	7	75	7	7	6	
35219929	8	71	8	6	79	7	69	
35220858	8	68	7	76	37	7	7	
35221788	6	8	6	7	6	7	7	
35222718	7	8	6	7	7	8	68	
35223648	7	7	7	8	6	7	6	
35224578	7	8	82	8	91	87	81	
35225508	78	8	7	107	9	105	99	
35226438	83	7	7	16	7	107	16	
35227368	7	8	7	77	7	8	6	
35228297	7	67	8	7	76	8	67	
35229227	8	68	8	77	42	7	7	
35230157	7	7	6	8	6	7	7	
35231087	7	7	7	7	6	7	71	
35232017	7	7	7	7	7	6	6	
35232947	7	7	85	8	92	89	79	
35233877	84	7	7	109	8	102	97	
35234807	81	8	7	19	7	100	12	
35235736	8	7	6	42	7	7	7	
35236666	8	69	8	8	78	8	71	
35237596	7	70	8	79	41	7	7	
35238526	8	8	7	7	7	7	7	
35239456	7	8	7	7	7	8	70	
35240386	8	7	53	7	54	53	51	
35241316	6	8	85	9	93	86	80	
35242246	86	7	7	105	8	101	97	
35243175	82	7	6	18	7	100	18	
35244105	8	6	7	7	6	6	6	
35245035	8	68	7	8	75	9	71	
35245965	7	67	8	78	43	6	6	
35246895	8	7	7	6	6	7	7	
35247825	7	7	7	7	7	8	69	
35248755	8	8	82	8	88	87	81	
35249685	7	8	81	7	87	84	81	
35250614	81	8	7	108	9	106	99	
35251544	81	7	6	68	7	101	62	
35252474	7	8	6	7	6	7	6	
35257124	6	7	85	9	93	88	81	
35258983	83	7	7	106	8	102	98	
35260843	7	7	7	36	8	7	7	
35261773	7	69	7	78	77	9	69	
35262703	8	69	8	78	42	7	6	
35263633	7	8	6	6	5	6	7	
35264563	7	7	7	6	6	7	33	
35265492	7	8	83	8	90	84	81	
35266422	7	8	84	7	8	86	6	
35267352	83	7	7	108	8	107	98	
35268282	84	7	7	109	7	106	95	
35270142	8	68	8	76	77	8	68	
35271072	8	68	8	75	38	7	14	
35272002	7	8	7	8	102	7	7	
35273861	6	7	82	8	91	88	76	
35275721	84	7	7	105	7	103	99	
35276651	85	8	7	106	8	102	100	
35277581	8	6	7	74	7	7	6	
35278511	8	66	9	76	78	8	67	
35279441	7	70	7	44	53	8	66	
35280370	7	7	6	7	103	6	7	
35281300	7	7	6	6	6	7	7	
35282230	7	8	80	8	92	86	29	
35283160	7	7	82	8	7	81	7	
35284090	82	8	7	105	8	103	98	
35285950	7	7	7	72	7	7	7	
35286880	7	67	7	79	77	7	69	
35288739	7	7	7	7	102	7	6	
35290599	6	8	87	8	88	83	35	
35291529	7	8	80	7	7	83	7	
35292459	81	7	7	106	8	104	98	
35293389	82	7	7	107	8	102	99	
35294319	6	7	7	76	7	7	6	
35295248	7	67	7	79	80	8	69	
35296178	7	71	7	7	76	9	68	
35297108	7	7	5	7	101	7	6	
35298038	7	7	6	7	7	6	23	
35298968	7	7	81	8	91	86	33	
35299898	7	7	13	7	8	11	27	
35300828	83	8	7	108	7	102	98	
35301758	87	8	7	105	9	107	99	
35302687	7	7	8	79	7	7	6	
35303617	7	69	8	77	79	8	69	
35304547	8	71	8	8	78	8	70	
35305477	8	7	7	7	103	7	6	
35306407	7	8	6	6	7	7	55	
35307337	7	9	82	9	90	87	51	
35308267	7	7	85	8	91	86	80	
35309197	81	7	7	106	7	105	98	
35310126	84	8	8	104	8	103	89	
35311056	6	7	6	77	7	7	27	
35311986	7	68	7	79	80	8	68	
35312916	6	70	8	8	76	8	69	
35313846	7	8	7	6	38	7	7	
35314776	7	7	6	7	6	6	5	
35315706	6	9	80	9	91	86	53	
35316636	7	8	83	8	91	86	81	
35317565	83	7	6	106	9	105	97	
35318495	81	7	7	106	8	103	96	
35319425	7	7	6	78	7	7	29	
35320355	7	70	8	80	77	9	73	
35321285	7	66	7	8	78	8	71	
35322215	7	7	6	7	6	7	6	
35323145	8	8	6	7	6	7	6	
35324075	7	8	82	8	92	86	55	
35325004	7	7	82	8	89	86	78	
35325934	80	7	6	107	7	102	97	
35326864	84	8	7	109	8	102	97	
35327794	7	7	7	76	7	7	7	
35328724	7	69	7	79	76	9	70	
35329654	6	69	8	10	71	8	62	
35330584	6	7	6	6	6	6	7	
35332443	7	8	85	8	90	86	81	
35333373	7	7	7	6	6	7	6	
35335233	43	8	7	54	7	51	48	
35337093	8	67	8	77	77	8	66	
35338023	8	70	9	28	64	7	51	
35338953	6	7	7	7	7	7	6	
35339882	7	7	7	6	6	7	7	
35340812	7	8	83	8	95	87	81	
35341742	7	7	7	7	6	7	7	
35342672	83	7	7	106	7	105	93	
35343602	7	7	6	7	6	7	5	
35344532	8	7	7	6	7	7	7	
35345462	7	66	8	77	77	8	69	
35346392	8	70	7	8	79	8	70	
35350111	8	7	6	7	7	6	7	
35351041	82	7	7	100	7	104	91	
35352901	7	7	7	7	6	6	7	
35353831	8	68	7	76	77	8	66	
35355690	8	7	7	6	7	7	6	
35356620	8	7	6	6	4	7	21	
35357550	6	7	84	8	89	82	80	
35358480	8	7	7	6	6	6	6	
35359410	81	7	7	103	8	101	91	
35360340	8	8	6	8	6	7	7	
35361270	7	7	7	8	6	7	6	
35362199	8	66	7	51	60	9	71	
35363129	7	38	7	8	41	7	37	
35364059	7	7	7	7	6	7	7	
35364989	7	7	6	6	6	7	7	
35365919	7	7	27	7	14	30	80	
35366849	7	7	7	6	6	6	8	
35367779	84	8	7	110	8	105	95	
35368709	8	8	7	5	6	7	6	
35369638	7	7	8	7	7	7	7	
35370568	8	69	7	22	38	8	68	
35371498	7	8	7	7	7	7	6	
35372428	8	8	8	7	6	6	6	
35373358	6	8	6	7	6	6	7	
35374288	7	7	38	8	25	36	82	
35375218	7	7	7	7	6	7	6	
35376148	85	7	8	109	7	103	96	
35377077	8	7	7	6	7	7	7	
35378007	7	6	7	7	7	7	6	
35378937	7	67	9	50	62	7	69	
35379867	7	7	8	7	6	8	7	
35380797	7	7	6	6	7	7	6	
35381727	6	7	7	7	6	7	7	
35382657	7	8	80	8	90	86	80	
35383587	7	7	6	6	6	7	7	
35384516	79	7	7	108	8	103	95	
35385446	7	7	7	7	6	7	7	
35386376	6	8	7	7	7	8	7	
35387306	8	66	8	77	79	8	70	
35388236	7	8	6	6	6	6	6	
35389166	8	7	7	8	7	7	7	
35390096	7	7	6	7	6	7	7	
35391026	6	8	82	9	92	85	80	
35391955	7	7	6	6	6	6	7	
35392885	82	8	7	107	8	104	99	
35394745	7	7	7	7	7	7	7	
35396605	7	7	7	6	6	7	7	
35398465	7	7	6	6	7	7	6	
35399394	7	7	83	8	92	85	83	
35400324	7	8	5	6	6	7	7	
35401254	82	8	8	109	8	103	98	
35402184	7	8	7	6	6	7	7	
35403114	7	7	6	6	7	7	7	
35404044	8	68	8	78	79	9	70	
35404974	7	7	7	7	6	6	7	
35405904	7	7	7	7	7	6	6	
35406833	7	8	5	7	6	6	7	
35407763	7	7	80	8	93	86	79	
35408693	14	7	7	17	6	16	14	
35413343	7	7	7	7	7	7	7	
35415202	6	7	7	7	6	6	7	
35417062	79	7	7	104	8	102	95	
35417992	80	7	7	64	8	104	57	
35418922	7	6	7	55	7	6	6	
35419852	7	12	7	8	11	7	12	
35420782	7	67	7	78	78	9	71	
35421711	7	8	7	7	6	7	7	
35422641	7	7	6	6	6	7	6	
35423571	7	7	7	6	6	7	6	
35424501	7	7	79	8	91	86	79	
35425431	83	8	7	104	8	104	100	
35426361	79	7	7	18	7	105	17	
35427291	7	6	7	77	7	7	7	
35428221	7	71	8	7	76	8	68	
35429150	8	69	7	74	69	8	70	
35430080	7	8	7	7	7	7	5	
35431010	8	7	6	6	7	8	60	
35431940	7	7	7	6	6	7	6	
35432870	6	8	82	8	92	85	79	
35433800	84	8	7	108	8	101	102	
35434730	84	8	7	18	7	105	15	
35435660	7	7	7	75	7	7	7	
35436589	8	69	7	7	79	8	69	
35437519	8	70	7	67	37	8	62	
35438449	7	8	7	6	6	7	7	
35439379	7	6	6	7	7	8	69	
35440309	7	7	6	7	6	7	7	
35441239	7	7	81	8	90	93	81	
35442169	85	7	7	109	8	106	97	
35443099	83	8	7	17	8	102	12	
35444028	7	8	7	76	7	7	7	
35444958	8	66	8	8	80	8	71	
35445888	7	69	8	74	43	7	7	
35446818	8	8	6	8	6	8	7	
35447748	7	8	7	7	7	8	68	
35448678	7	6	7	7	7	6	6	
35449608	7	8	80	9	88	85	83	
35450538	83	7	6	109	7	104	95	
35451467	82	8	6	25	8	101	17	
35452397	8	7	6	77	6	7	7	
35453327	8	70	8	7	79	9	70	
35454257	7	71	7	77	40	7	7	
35455187	8	7	7	7	6	7	7	
35456117	7	8	7	7	7	8	68	
35457047	7	6	6	7	6	6	6	
35457977	7	8	82	8	89	85	80	
35458906	81	8	7	103	8	105	99	
35459836	80	8	7	17	8	105	14	
35460766	7	8	7	10	6	6	7	
35461696	8	69	8	8	78	9	67	
35462626	7	67	8	76	42	6	6	
35463556	8	8	7	7	6	7	7	
35464486	7	7	6	7	7	8	67	
35465416	6	7	81	8	91	84	79	
35466345	6	7	83	9	90	89	79	
35467275	85	8	6	109	9	105	97	
35468205	83	8	7	11	7	103	16	
35469135	7	7	7	7	6	7	6	
35470065	8	69	8	7	78	8	70	
35470995	7	70	8	78	40	7	7	
35474714	6	7	84	8	51	86	45	
35475644	85	7	7	110	9	103	98	
35477504	8	7	7	7	7	7	6	
35479364	7	68	8	77	42	8	6	
35480294	7	8	6	7	6	7	6	
35481223	7	6	7	7	6	7	70	
35482153	7	7	84	8	92	88	80	
35483083	6	7	81	7	6	86	6	
35484013	81	8	8	104	9	102	97	
35484943	82	8	6	108	7	102	98	
35485873	8	7	7	69	6	8	6	
35486803	7	68	8	76	77	8	71	
35490522	7	8	82	8	91	85	80	
35491452	7	7	85	7	7	82	6	
35493312	84	7	8	107	8	101	99	
35494242	7	7	7	74	7	7	6	
35496101	7	67	8	77	39	8	38	
35497031	7	6	6	8	103	7	6	
35497961	8	7	7	7	7	7	7	
35498891	7	7	82	8	92	86	53	
35499821	8	8	82	8	7	85	7	
35500751	84	7	7	108	8	106	99	
35501681	84	8	7	109	8	102	96	
35502611	8	7	7	78	7	7	7	
35503540	7	70	7	75	74	9	69	
35504470	8	66	7	19	70	7	71	
35505400	7	7	7	6	101	7	7	
35506330	8	7	7	6	6	7	7	
35507260	6	7	84	8	90	87	30	
35508190	7	8	82	7	7	83	7	
35509120	86	8	7	106	8	103	98	
35510050	84	7	8	110	8	105	95	
35510979	7	6	7	78	7	7	6	
35511909	7	68	8	78	77	9	68	
35512839	8	69	8	7	78	8	68	
35513769	7	8	7	7	105	8	7	
35514699	7	7	6	7	6	7	6	
35515629	7	6	85	8	91	84	32	
35516559	7	6	52	8	8	58	36	
35517489	84	8	7	106	8	103	98	
35518418	82	7	7	108	8	106	99	
35519348	7	7	8	79	7	7	6	
35520278	7	68	8	74	78	8	67	
35521208	7	65	8	7	76	8	70	
35522138	7	7	7	7	105	7	6	
35523068	6	7	7	7	7	8	52	
35523998	7	8	81	8	92	85	36	
35524928	7	7	44	7	47	44	41	
35525857	85	7	7	104	8	106	98	
35526787	81	8	7	97	7	102	90	
35527717	8	7	7	75	6	7	6	
35528647	7	64	8	78	78	9	69	
35529577	7	68	7	7	78	7	71	
35530507	7	8	7	8	98	7	6	
35532367	7	8	84	9	92	87	55	
35533296	7	7	84	8	88	88	81	
35534226	85	7	7	110	8	102	98	
35535156	84	8	7	110	8	105	95	
35536086	8	7	7	77	7	8	62	
35537016	7	69	8	77	80	8	68	
35537946	7	69	8	7	77	9	66	
35538876	7	7	7	6	7	7	6	
35539806	7	8	6	7	7	6	6	
35540735	7	8	84	8	89	86	57	
35541665	6	7	82	8	90	85	79	
35542595	85	8	7	104	8	104	97	
35543525	83	7	7	109	8	104	96	
35544455	7	7	7	77	7	7	7	
35545385	8	68	7	77	79	8	69	
35546315	7	68	6	8	79	8	71	
35547245	8	6	7	7	5	7	6	
35548174	8	7	7	7	6	7	6	
35549104	7	8	81	8	92	87	70	
35553754	8	68	7	78	80	9	72	
35555613	7	7	7	7	5	6	7	
35557473	7	8	82	8	91	89	82	
35558403	7	8	7	6	6	6	6	
35559333	80	7	7	108	8	104	99	
35560263	13	8	7	16	7	15	15	
35561193	7	8	6	59	6	6	7	
35562123	7	69	8	75	78	8	70	
35563052	7	66	8	7	76	7	68	
35563982	8	7	6	6	7	7	6	
35564912	7	7	7	7	7	7	6	
35565842	7	7	84	8	94	85	84	
35566772	7	6	6	7	6	7	6	
35567702	86	8	7	99	9	102	90	
35568632	8	7	6	7	6	7	6	
35569562	7	7	7	7	7	8	7	
35570491	8	69	8	79	79	8	68	
35571421	8	68	7	7	79	7	69	
35572351	7	8	7	8	6	7	6	
35573281	7	7	7	6	6	8	59	
35574211	6	8	82	9	90	85	83	
35575141	7	7	7	7	6	7	6	
35576071	84	7	7	101	9	104	90	
35577001	7	7	7	6	6	8	7	
35577930	7	7	6	6	6	8	7	
35578860	7	69	7	77	78	9	69	
35579790	8	64	7	7	75	8	69	
35580720	7	7	7	6	6	7	6	
35581650	7	7	6	8	6	7	7	
35582580	7	8	66	8	70	70	80	
35583510	7	7	7	6	6	7	6	
35584440	80	8	7	105	8	103	95	
35585369	8	8	7	7	5	6	6	
35586299	7	7	6	7	6	7	7	
35587229	7	65	8	19	38	7	72	
35588159	7	7	7	6	6	7	7	
35589089	8	7	6	7	7	8	7	
35590019	7	7	6	6	6	7	6	
35590949	6	6	17	8	9	24	79	
35591879	7	7	7	7	7	7	7	
35592808	82	7	8	106	8	102	97	
35593738	8	6	7	8	6	7	6	
35594668	8	7	6	7	7	7	6	
35595598	7	67	8	17	39	8	69	
35596528	7	8	8	7	7	7	6	
35597458	7	7	6	6	6	5	6	
35598388	7	7	7	6	6	7	7	
35599318	7	7	63	9	63	64	79	
35600247	7	7	7	7	6	6	6	
35601177	84	8	7	109	9	104	99	
35602107	7	7	7	6	7	7	5	
35603037	7	7	6	7	6	7	6	
35603967	7	70	7	74	76	8	68	
35604897	7	7	7	8	7	7	7	
35605827	7	8	6	7	7	6	7	
35606757	8	7	7	6	7	8	7	
35607686	7	7	84	8	93	88	80	
35608616	6	6	6	7	6	7	6	
35609546	83	8	7	107	7	105	96	
35610476	7	7	7	6	6	7	7	
35611406	7	7	7	7	6	7	7	
35616055	7	8	81	8	90	85	80	
35617915	84	7	8	105	8	106	95	
35619775	6	8	6	7	7	7	7	
35620705	7	66	8	75	77	9	67	
35621635	8	8	7	7	7	7	6	
35622564	8	7	6	8	6	7	6	
35623494	7	6	7	7	6	7	7	
35624424	7	7	82	9	90	87	78	
35625354	7	7	6	7	6	7	7	
35626284	83	8	7	107	8	105	95	
35627214	7	7	6	7	7	7	7	
35628144	7	7	7	7	6	7	7	
35629074	8	64	8	75	78	9	67	
35630003	7	8	6	6	6	7	7	
35630933	7	8	7	7	5	7	6	
35631863	8	8	7	7	5	6	7	
35632793	7	8	82	8	90	86	80	
35633723	50	7	7	66	7	63	60	
35634653	83	7	7	98	8	104	88	
35635583	8	8	6	8	6	7	6	
35636513	8	8	6	7	7	6	7	
35637442	7	68	7	77	78	8	70	
35638372	8	8	6	7	7	7	7	
35639302	7	6	6	7	6	6	6	
35640232	7	7	7	7	7	7	6	
35641162	7	7	85	8	89	89	82	
35642092	80	6	6	105	8	99	96	
35643022	83	7	6	27	7	104	23	
35643952	7	8	7	77	7	7	6	
35644881	7	39	7	7	44	7	43	
35645811	7	69	8	77	77	8	70	
35646741	8	7	7	7	7	6	7	
35647671	7	7	7	6	7	8	15	
35648601	7	7	6	6	7	7	6	
35649531	7	8	81	9	91	84	81	
35650461	83	8	7	112	8	103	99	
35651391	83	7	7	18	7	105	19	
35652320	7	6	7	75	7	7	7	
35653250	8	68	8	8	80	8	70	
35654180	8	66	8	62	49	7	69	
35655110	8	8	6	7	6	7	6	
35656040	8	8	6	7	6	8	70	
35656970	7	7	6	7	6	7	6	
35657900	7	7	80	9	91	85	83	
35658830	84	7	7	110	8	104	95	
35659759	84	8	6	16	7	101	15	
35660689	7	7	7	78	6	6	6	
35661619	7	69	7	7	77	7	68	
35662549	7	66	8	71	41	8	32	
35663479	8	8	6	7	7	7	7	
35664409	6	7	7	7	7	8	68	
35665339	8	7	7	7	7	6	6	
35666269	7	7	89	9	89	86	82	
35667198	85	8	7	105	8	103	98	
35668128	85	7	7	14	6	106	18	
35669058	7	8	7	77	6	7	6	
35669988	8	68	8	7	79	8	69	
35670918	8	67	8	78	42	7	6	
35671848	8	8	7	7	7	7	7	
35672778	7	7	7	7	7	8	66	
35673708	6	6	7	6	6	7	6	
35676497	83	8	6	15	7	103	12	
35678357	7	70	7	8	80	8	69	
35680217	7	7	7	6	6	6	7	
35681147	7	8	6	7	6	8	69	
35682076	7	7	31	7	34	31	29	
35683006	8	7	82	8	90	88	80	
35683936	83	8	8	107	8	103	98	
35684866	81	8	7	16	7	102	15	
35685796	7	8	7	7	7	7	6	
35686726	7	70	7	7	78	9	68	
35687656	7	70	8	75	44	7	7	
35688586	7	7	7	7	6	7	7	
35689515	7	7	7	7	7	9	67	
35690445	7	7	84	8	93	86	82	
35692305	80	7	7	108	9	103	95	
35694165	7	8	7	7	7	7	7	
35695095	6	68	7	8	77	8	70	
35696025	8	66	8	78	42	7	7	
35696954	8	7	7	8	6	7	6	
35697884	8	7	7	7	8	8	68	
35698814	6	7	84	8	94	87	80	
35699744	6	6	81	8	9	85	8	
35700674	81	7	7	107	8	106	97	
35701604	81	7	6	104	8	102	94	
35702534	8	7	7	14	6	7	7	
35703464	8	69	7	78	80	9	69	
35704393	8	69	8	77	43	7	7	
35705323	7	7	6	7	7	7	7	
35707183	6	7	85	9	92	85	78	
35709043	82	7	7	109	8	101	97	
35710903	7	8	6	77	7	7	7	
35711832	7	69	7	77	76	9	67	
35712762	8	68	8	79	42	7	6	
35713692	8	7	6	7	84	7	7	
35714622	7	8	8	6	6	6	6	
35715552	8	7	83	8	91	85	80	
35716482	7	7	81	8	7	85	7	
35717412	80	8	8	108	8	101	96	
35718342	83	8	7	110	8	104	97	
35719271	7	7	7	72	7	7	6	
35720201	7	67	8	77	76	8	68	
35721131	8	70	8	67	43	8	68	
35722061	7	8	7	6	102	7	7	
35722991	7	7	8	6	7	6	7	
35723921	6	7	81	8	91	88	34	
35724851	6	8	83	8	7	85	7	
35725781	83	8	7	106	9	102	96	
35726710	84	7	7	106	7	102	97	
35727640	7	8	7	78	7	6	6	
35728570	7	67	7	77	76	8	67	
35729500	7	69	7	8	79	8	67	
35730430	8	7	6	7	104	7	7	
35731360	7	7	6	7	7	7	6	
35732290	7	7	84	8	92	85	31	
35733220	7	8	83	7	7	85	8	
35734149	81	8	7	108	8	103	100	
35735079	85	8	7	106	9	103	97	
35736009	7	7	7	80	7	7	6	
35736939	8	67	7	77	76	8	70	
35737869	7	68	8	7	78	8	68	
35738799	7	8	7	7	104	7	7	
35739729	7	7	6	8	7	7	7	
35740659	7	7	81	8	92	90	33	
35741588	7	7	24	7	7	20	41	
35742518	84	8	7	107	9	103	96	
35743448	84	8	8	107	8	103	99	
35744378	7	7	7	73	7	7	6	
35745308	8	70	9	75	81	8	70	
35746238	8	65	8	7	77	9	72	
35747168	7	7	6	7	102	7	7	
35748098	8	8	7	7	6	8	68	
35749027	7	8	81	8	92	83	44	
35749957	7	8	79	8	85	83	74	
35750887	81	7	7	107	8	100	98	
35751817	78	8	7	97	9	105	87	
35754607	8	71	8	7	77	9	73	
35756466	7	8	6	7	7	7	7	
35758326	7	8	82	8	88	89	80	
35759256	83	8	6	106	8	104	97	
35760186	82	8	6	108	9	103	97	
35761116	7	6	7	76	7	7	47	
35762046	8	71	8	75	79	8	70	
35762976	8	69	7	8	77	8	68	
35763905	7	7	7	7	7	7	6	
35764835	7	6	7	7	6	6	6	
35765765	6	9	84	8	91	85	57	
35766695	7	7	81	9	90	86	82	
35767625	83	7	8	107	8	100	99	
35768555	82	7	8	106	7	100	102	
35770415	7	69	8	75	80	9	71	
35772274	7	7	6	6	6	7	6	
35773204	8	7	7	7	6	8	5	
35774134	7	8	82	9	90	86	82	
35775064	7	7	27	7	28	28	26	
35775994	87	8	7	108	7	103	98	
35776924	73	8	7	91	8	87	82	
35777854	7	8	7	75	7	6	6	
35778783	7	71	7	76	80	8	70	
35779713	7	69	8	51	50	8	33	
35780643	8	8	7	6	7	6	7	
35781573	6	8	6	7	6	7	6	
35782503	6	7	84	9	88	86	83	
35783433	7	7	7	6	6	7	7	
35784363	81	7	7	106	8	106	99	
35785293	8	8	7	7	6	7	7	
35786222	7	7	8	22	6	6	7	
35787152	7	70	8	75	79	9	68	
35788082	7	68	8	7	79	7	68	
35789012	8	7	6	7	6	7	7	
35789942	8	7	6	7	7	7	14	
35790872	6	7	82	8	90	85	80	
35791802	8	7	7	6	6	7	7	
35792732	84	7	6	90	8	107	88	
35793661	8	8	6	6	7	7	7	
35794591	7	7	8	7	7	7	7	
35795521	7	65	7	78	77	9	66	
35796451	8	68	8	8	77	8	68	
35797381	6	7	7	6	7	7	7	
35798311	7	8	7	6	7	7	36	
35799241	8	7	82	8	90	88	81	
35800171	7	7	6	6	7	7	6	
35801100	84	8	6	104	8	103	90	
35802030	8	8	7	7	6	7	6	
35802960	8	7	6	7	7	7	6	
35803890	8	70	8	66	70	8	67	
35804820	8	54	8	7	62	8	54	
35805750	7	8	6	7	7	7	8	
35806680	7	6	7	6	7	7	6	
35807610	7	7	42	8	39	45	82	
35808539	7	7	7	6	5	7	7	
35809469	87	8	8	109	9	110	97	
35810399	7	7	6	6	6	7	6	
35811329	6	7	7	6	7	7	6	
35812259	7	71	6	18	42	8	69	
35813189	7	8	7	7	7	7	7	
35814119	8	8	6	6	6	7	6	
35815978	7	7	21	7	9	26	82	
35817838	86	8	6	107	7	105	93	
35819698	6	7	7	6	7	7	7	
35820628	8	68	8	33	48	8	67	
35821558	8	7	6	7	7	7	7	
35822488	7	7	7	5	6	7	6	
35823417	7	8	6	7	5	7	7	
35824347	7	7	81	8	93	88	81	
35825277	7	7	6	7	6	6	7	
35826207	82	8	7	103	9	103	97	
35827137	7	8	6	6	6	8	6	
35828067	7	8	7	7	7	8	6	
35828997	7	69	8	79	77	9	70	
35829927	7	7	7	7	7	7	5	
35834576	85	8	7	112	9	105	97	
35835506	6	7	7	7	7	7	6	
35837366	7	70	7	72	78	7	69	
35839225	6	6	7	6	6	6	6	
35840155	8	8	7	6	6	6	7	
35841085	7	8	81	8	92	85	80	
35842015	7	7	6	6	6	6	6	
35842945	85	7	7	107	8	106	95	
35843875	8	8	7	7	7	7	6	
35844805	8	7	7	7	6	6	7	
35845734	7	66	7	78	80	8	68	
35846664	7	7	8	7	6	7	7	
35847594	8	6	7	7	6	7	6	
35848524	7	6	7	7	7	6	7	
35849454	7	8	82	8	88	86	81	
35850384	7	6	7	6	6	7	7	
35851314	79	8	7	106	9	100	92	
35852244	8	7	6	7	7	7	6	
35853173	7	8	6	7	7	7	7	
35854103	6	70	8	77	77	8	71	
35855033	7	5	6	6	6	7	6	
35855963	7	7	7	7	7	7	6	
35856893	7	8	6	6	6	7	6	
35857823	7	8	80	8	91	87	81	
35858753	81	7	7	107	7	105	95	
35859683	83	7	7	90	7	103	81	
35860612	7	7	7	38	6	7	7	
35861542	7	8	6	7	7	7	6	
35862472	8	71	7	76	77	8	68	
35863402	7	6	7	6	6	7	7	
35864332	7	8	7	7	6	7	6	
35865262	7	7	7	6	5	6	7	
35866192	7	8	80	8	86	85	81	
35867122	83	7	7	109	8	101	95	
35868051	81	8	6	19	7	105	14	
35868981	7	7	7	76	7	7	7	
35869911	7	70	8	7	76	8	66	
35870841	8	68	8	77	74	9	69	
35871771	7	8	7	7	6	7	7	
35872701	7	7	6	7	8	8	43	
35873631	7	7	6	6	6	7	6	
35874561	7	7	82	9	91	85	80	
35875490	87	8	7	112	8	106	96	
35876420	84	8	7	15	8	104	18	
35877350	7	8	7	76	7	7	6	
35878280	8	74	8	8	79	9	71	
35879210	8	69	8	64	41	7	69	
35880140	7	6	7	7	7	7	6	
35881070	7	8	8	7	7	8	67	
35882000	6	7	6	7	5	7	6	
35882929	7	8	84	8	91	88	82	
35883859	81	7	6	107	9	98	98	
35884789	83	8	6	14	7	102	13	
35885719	7	8	7	77	6	7	6	
35886649	7	68	7	8	77	8	66	
35887579	8	66	7	75	44	6	7	
35888509	7	6	6	7	6	6	6	
35889439	8	7	7	7	7	8	69	
35890368	7	7	7	6	6	7	6	
35891298	7	8	84	8	90	87	80	
35892228	82	7	7	106	7	107	100	
35894088	7	7	6	72	7	7	6	
35895018	8	67	8	8	74	9	68	
35896878	8	8	7	7	7	7	6	
35898737	7	7	7	7	6	6	6	
35899667	8	8	82	8	89	86	83	
35900597	85	8	7	108	8	105	95	
35901527	84	9	6	17	8	103	15	
35902457	7	7	6	32	7	7	6	
35903387	8	70	8	7	77	8	72	
35904317	7	69	7	78	41	7	6	
35905246	8	7	6	7	6	6	6	
35906176	7	7	6	7	6	8	68	
35907106	7	7	60	7	66	64	58	
35908036	6	7	83	8	95	87	79	
35908966	80	8	7	109	8	103	98	
35909896	84	7	6	15	7	101	19	
35910826	8	8	7	6	7	7	6	
35911756	8	66	8	7	74	8	69	
35912685	8	69	8	77	41	6	6	
35913615	7	7	7	7	6	7	7	
35914545	7	8	7	7	7	8	67	
35915475	7	7	84	7	91	88	80	
35916405	7	6	81	8	77	85	64	
35917335	81	8	6	104	8	105	103	
35918265	81	8	7	83	8	105	72	
35919195	7	7	7	8	7	7	7	
35920124	7	68	8	30	78	8	68	
35921054	8	67	8	77	42	7	7	
35921984	7	7	7	7	6	7	6	
35922914	7	7	6	7	6	7	69	
35923844	7	7	84	8	91	89	80	
35924774	6	6	84	7	8	84	6	
35925704	82	7	8	110	8	104	94	
35926634	81	8	8	108	8	104	100	
35927563	8	8	7	48	6	6	6	
35928493	7	69	8	78	83	8	69	
35929423	8	67	7	78	44	7	6	
35930353	7	7	7	7	9	7	6	
35931283	7	7	6	6	5	7	24	
35932213	7	8	83	8	89	89	79	
35933143	7	7	84	8	6	85	7	
35934073	82	7	8	111	8	105	98	
35935002	86	8	8	110	9	103	97	
35935932	7	8	7	79	6	7	7	
35936862	6	68	8	77	79	8	68	
35937792	8	69	8	74	40	7	21	
35938722	7	7	7	7	101	7	6	
35939652	8	6	7	6	6	7	6	
35940582	7	7	82	8	92	85	67	
35941512	7	8	80	7	7	86	7	
35942441	83	8	6	111	8	106	95	
35943371	83	8	7	105	9	106	98	
35944301	8	8	7	77	6	7	6	
35945231	7	70	8	75	77	8	66	
35946161	7	68	7	36	57	7	69	
35947091	7	7	6	7	105	8	6	
35948021	7	7	7	6	6	6	6	
35948951	7	7	82	8	88	85	32	
35949880	6	8	80	7	7	86	6	
35950810	83	7	7	109	9	108	98	
35951740	81	7	7	107	8	105	101	
35952670	7	7	7	78	7	7	5	
35953600	7	69	8	77	80	7	73	
35954530	7	67	8	8	80	8	72	
35956390	7	6	7	6	6	7	6	
35957319	7	8	82	8	90	84	30	
35959179	86	7	8	108	8	103	97	
35961039	7	7	8	78	7	7	7	
35961969	7	69	7	76	79	8	69	
35962899	7	70	7	7	75	8	69	
35963829	7	5	6	8	104	7	6	
35964758	8	7	6	7	6	7	31	
35965688	6	7	85	8	91	85	30	
35966618	6	7	17	7	16	18	26	
35967548	82	8	7	109	8	101	97	
35968478	85	9	7	108	8	106	99	
35969408	7	6	7	78	6	6	6	
35970338	8	67	7	78	82	8	67	
35971268	8	68	7	7	75	8	66	
35972197	7	7	7	6	100	7	6	
35973127	7	7	6	7	6	7	45	
35974057	6	7	85	8	90	86	54	
35974987	6	7	82	8	87	87	80	
35975917	82	8	8	105	8	103	100	
35976847	82	7	8	105	9	104	93	
35977777	7	8	7	74	7	7	37	
35978707	7	68	8	79	78	9	72	
35979636	7	67	8	7	79	9	69	
35980566	7	7	6	7	21	7	7	
35981496	7	8	7	7	7	7	8	
35982426	7	8	82	8	92	83	54	
35983356	7	6	83	8	93	86	78	
35984286	83	8	6	104	9	103	98	
35985216	83	8	8	107	10	104	97	
35986146	7	8	6	76	7	7	17	
35987075	8	67	8	75	78	8	69	
35988005	7	69	7	7	76	8	70	
35988935	8	7	7	7	6	6	7	
35989865	7	6	6	7	6	7	7	
35990795	6	7	81	8	89	83	63	
35991725	7	8	80	9	90	86	77	
35992655	82	8	8	108	8	104	95	
35993585	82	8	7	108	8	102	95	
35994514	7	7	7	77	7	7	6	
35995444	8	68	9	76	78	8	67	
35996374	7	69	8	18	68	8	57	
35997304	7	7	7	6	7	6	6	
35998234	7	7	7	6	7	7	5	
35999164	6	7	84	8	90	86	79	
36000094	7	7	7	7	7	7	7	
36001024	85	8	8	109	7	105	98	
36001953	32	7	7	42	7	40	38	
36002883	7	7	7	77	6	7	5	
36003813	8	68	8	77	79	9	68	
36004743	7	70	8	19	70	9	56	
36005673	7	8	7	7	6	6	7	
36006603	7	8	6	7	6	6	7	
36007533	6	8	88	8	92	89	79	
36008463	7	8	6	8	6	7	6	
36009392	84	7	8	105	8	105	95	
36010322	7	7	8	8	7	7	7	
36011252	8	7	7	7	7	7	8	
36012182	7	67	8	75	79	8	69	
36013112	8	70	7	7	79	9	71	
36014042	7	7	6	7	6	6	6	
36014972	7	7	6	6	6	7	39	
36015902	7	8	85	9	90	88	85	
36016831	7	8	6	6	6	6	6	
36019621	7	8	6	7	7	7	7	
36021481	8	66	7	7	78	9	67	
36023341	7	6	6	7	7	7	11	
36024270	7	8	82	8	89	87	80	
36025200	7	8	6	6	7	7	6	
36026130	84	8	8	105	9	103	92	
36027060	7	7	7	7	7	6	6	
36027990	7	7	7	7	7	7	7	
36028920	8	68	8	36	51	8	69	
36029850	7	20	6	6	22	6	21	
36030780	7	8	7	6	6	7	6	
36031709	7	8	7	7	7	7	7	
36032639	7	7	27	7	8	26	81	
36035429	8	8	6	7	7	7	5	
36036359	7	7	7	7	7	7	7	
36038219	7	7	7	6	7	6	6	
36040078	8	7	8	6	6	6	7	
36041008	7	7	48	8	45	50	81	
36041938	7	7	7	7	7	7	6	
36042868	85	8	7	109	8	105	99	
36043798	7	7	7	7	6	6	6	
36044728	7	8	7	7	6	7	6	
36045658	8	72	7	61	66	8	71	
36046587	8	7	6	6	6	7	6	
36047517	8	8	7	7	6	6	6	
36048447	7	7	7	7	6	7	6	
36049377	7	7	81	8	91	89	82	
36050307	7	7	5	6	7	7	5	
36051237	83	7	7	108	8	101	92	
36052167	7	7	7	7	6	8	6	
36053097	7	7	6	7	6	7	7	
36054026	7	68	8	76	75	7	67	
36054956	8	7	6	7	7	7	7	
36055886	8	8	7	7	7	7	6	
36056816	6	8	7	6	6	7	6	
36057746	7	8	85	8	89	86	81	
36058676	7	7	7	7	6	6	6	
36059606	80	8	6	109	7	105	98	
36060536	8	8	6	7	8	6	7	
36061465	7	8	7	7	7	7	6	
36062395	6	72	7	79	79	9	70	
36063325	7	7	6	7	7	7	7	
36064255	8	8	6	6	6	7	6	
36065185	7	7	7	7	7	6	6	
36066115	7	8	84	8	88	84	83	
36067045	8	7	7	7	7	7	7	
36067975	82	8	7	107	8	108	96	
36068904	7	7	6	7	7	7	7	
36069834	7	7	7	7	6	7	6	
36070764	8	69	7	79	78	8	68	
36071694	7	7	6	6	6	7	7	
36072624	7	9	7	6	6	7	7	
36073554	8	6	6	7	6	7	6	
36074484	7	7	86	8	90	85	80	
36075414	27	7	6	30	6	32	28	
36076343	83	6	8	104	8	106	90	
36077273	7	8	7	7	7	7	7	
36078203	7	7	7	7	6	7	6	
36079133	8	67	7	79	78	8	69	
36080063	8	7	7	7	7	6	7	
36080993	7	8	7	7	7	7	6	
36081923	7	7	6	6	6	6	6	
36082853	7	7	83	8	92	85	82	
36083782	80	7	7	102	8	103	92	
36084712	80	8	7	46	8	106	44	
36085642	7	8	7	70	7	6	7	
36086572	7	24	7	7	25	7	23	
36087502	8	68	7	77	79	9	70	
36088432	7	8	7	7	7	8	6	
36089362	7	6	6	6	6	7	5	
36090292	7	7	7	7	7	7	6	
36091221	7	7	82	9	89	88	82	
36092151	81	7	7	109	7	102	96	
36093081	82	7	6	16	7	102	15	
36094011	7	6	6	78	6	6	6	
36094941	8	70	8	8	78	8	69	
36095871	8	67	9	70	59	8	70	
36096801	7	7	7	7	6	7	6	
36098660	7	7	6	5	6	7	6	
36100520	86	8	7	111	7	108	97	
36101450	85	7	7	14	7	104	12	
36102380	7	7	7	75	7	8	6	
36103310	7	67	7	7	78	8	68	
36104240	7	68	8	65	40	7	45	
36105170	7	7	7	8	6	6	6	
36106099	8	8	7	7	7	8	73	
36107029	7	6	6	6	7	7	7	
36107959	7	8	84	8	90	88	81	
36108889	82	7	6	109	8	103	97	
36109819	85	8	7	17	7	103	19	
36110749	7	7	7	77	7	7	6	
36115398	7	7	7	5	6	7	6	
36116328	7	8	82	8	90	88	81	
36118188	82	7	6	17	7	102	14	
36120048	8	68	7	7	78	9	68	
36120977	7	71	7	79	44	6	6	
36121907	7	7	7	6	6	6	6	
36122837	7	7	6	6	6	8	67	
36123767	6	7	8	6	8	9	8	
36124697	7	6	81	8	92	86	80	
36125627	84	8	7	104	8	103	99	
36126557	80	7	7	16	6	105	14	
36127487	7	7	7	7	6	6	7	
36128416	7	68	8	7	79	8	69	
36129346	8	68	8	78	40	8	6	
36130276	8	7	8	7	7	7	7	
36131206	7	8	7	7	6	7	69	
36132136	6	7	82	7	90	84	79	
36133066	7	8	83	8	91	84	81	
36133996	84	7	7	109	8	105	99	
36134926	79	7	6	22	7	101	16	
36135855	7	7	8	7	7	7	7	
36136785	7	65	8	7	76	9	68	
36137715	7	70	8	77	41	7	7	
36138645	7	7	7	6	6	7	7	
36139575	7	8	7	6	6	8	66	
36140505	7	8	83	9	90	88	81	
36141435	7	7	81	8	36	84	32	
36142365	84	8	7	109	8	104	98	
36143294	87	8	7	95	7	104	92	
36144224	7	8	6	8	7	7	8	
36145154	7	66	8	64	79	8	67	
36146084	7	67	8	75	43	8	7	
36147014	7	8	7	7	7	8	6	
36147944	7	7	7	7	7	8	68	
36148874	7	8	84	9	94	85	81	
36149804	6	7	82	8	8	84	7	
36150733	81	7	8	106	8	104	94	
36151663	83	7	7	105	9	104	99	
36152593	8	7	7	74	7	7	7	
36153523	7	69	7	77	78	9	68	
36154453	7	69	7	79	43	6	6	
36155383	8	8	5	7	55	7	6	
36156313	6	7	7	7	6	8	5	
36157243	6	8	83	8	94	84	81	
36158172	7	7	82	7	7	83	6	
36159102	82	8	7	104	7	102	98	
36160032	81	7	7	105	7	102	97	
36160962	7	7	6	78	7	7	7	
36161892	7	69	7	77	79	9	71	
36162822	7	69	8	78	38	8	53	
36163752	7	8	7	7	101	8	6	
36164682	7	7	6	7	6	6	6	
36165611	6	7	84	9	90	86	42	
36166541	7	7	81	8	6	83	6	
36167471	83	8	7	108	8	103	98	
36168401	82	7	6	111	8	107	97	
36169331	7	7	8	77	6	6	7	
36170261	8	69	7	79	81	8	69	
36171191	8	69	8	8	74	8	71	
36172121	7	8	7	8	102	7	6	
36173050	7	6	7	5	6	7	6	
36174910	8	7	84	8	7	83	7	
36176770	85	8	7	106	8	105	95	
36178630	7	66	8	78	76	8	67	
36179560	7	70	8	8	76	8	69	
36180489	7	8	7	7	105	7	7	
36181419	7	7	6	8	6	6	6	
36182349	6	7	83	7	92	86	28	
36183279	7	7	45	7	11	47	41	
36184209	81	7	7	108	9	105	92	
36185139	82	8	8	108	8	106	97	
36186069	7	7	7	76	7	7	6	
36186999	7	68	8	78	80	8	69	
36187928	7	70	8	7	77	8	68	
36188858	7	7	7	8	105	6	6	
36192578	82	8	7	105	8	105	98	
36194438	7	7	7	72	7	7	6	
36196297	8	68	7	7	79	8	69	
36197227	7	7	6	7	100	7	6	
36198157	7	7	7	7	6	8	16	
36199087	7	8	81	8	90	89	56	
36200017	7	6	84	9	89	84	82	
36200947	84	7	8	109	7	103	98	
36201877	83	7	7	113	8	106	97	
36202806	7	6	7	75	7	8	64	
36203736	8	69	8	76	79	8	68	
36204666	8	70	8	8	79	8	67	
36205596	7	7	6	7	7	7	6	
36206526	7	7	7	6	6	6	7	
36207456	7	7	83	8	90	89	53	
36208386	7	8	87	8	89	89	81	
36209316	86	8	7	108	8	103	100	
36210245	83	7	7	107	8	106	98	
36211175	7	7	8	78	6	7	7	
36212105	7	70	7	79	79	7	71	
36213035	8	67	7	7	75	8	69	
36213965	7	8	7	6	6	7	6	
36214895	6	7	6	7	5	7	6	
36215825	7	7	82	8	89	90	77	
36216755	6	7	41	8	47	45	40	
36217684	82	8	7	110	8	105	101	
36218614	80	8	7	103	8	101	96	
36219544	7	7	7	76	7	6	7	
36220474	7	67	8	80	78	8	70	
36221404	6	71	8	47	48	7	32	
36222334	7	7	6	6	7	7	7	
36223264	6	7	7	7	6	6	8	
36224194	6	6	84	8	90	87	83	
36225123	7	7	7	6	5	6	6	
36226053	83	8	7	106	8	107	96	
36226983	7	8	7	7	6	7	7	
36227913	8	7	7	41	6	7	7	
36228843	8	68	8	75	80	8	67	
36229773	8	69	7	7	76	7	65	
36230703	7	7	6	7	7	7	6	
36231633	7	7	7	7	6	7	7	
36232562	7	8	80	8	89	83	81	
36233492	7	7	7	6	6	7	5	
36234422	85	7	8	99	8	103	90	
36235352	8	8	7	8	6	6	7	
36236282	7	8	7	7	6	7	6	
36238142	8	71	8	7	78	8	71	
36240001	7	8	7	6	7	8	60	
36240931	7	7	82	7	90	86	81	
36241861	8	7	6	6	6	7	6	
36242791	81	7	7	101	8	104	90	
36243721	8	7	7	6	6	7	6	
36244651	7	7	6	6	6	7	7	
36245581	7	69	8	78	78	8	71	
36246511	7	67	7	8	78	9	69	
36247440	7	7	6	6	6	7	6	
36248370	6	8	7	7	5	7	6	
36249300	6	7	61	7	68	65	79	
36250230	7	7	6	6	7	6	6	
36251160	82	7	8	107	9	103	99	
36253950	7	65	7	23	39	8	67	
36255809	7	7	7	7	7	7	7	
36257669	7	7	23	7	9	27	78	
36258599	7	7	6	7	6	6	6	
36259529	81	7	7	106	8	101	96	
36260459	7	7	7	6	6	7	7	
36261389	7	8	6	7	6	7	7	
36262318	8	68	7	21	43	9	68	
36263248	7	7	7	7	6	7	5	
36264178	6	8	6	7	7	7	6	
36265108	7	7	7	7	6	6	6	
36266038	6	8	77	8	83	84	80	
36266968	7	7	6	6	6	6	6	
36267898	89	8	8	108	8	102	98	
36268828	8	8	6	7	7	6	7	
36269757	8	7	6	7	6	7	6	
36270687	7	69	7	77	79	8	69	
36271617	7	9	7	6	6	7	6	
36272547	8	7	6	7	6	6	6	
36273477	7	8	6	6	6	5	6	
36274407	7	7	87	9	91	91	83	
36275337	7	7	6	7	7	7	7	
36276267	84	8	7	108	8	106	97	
36277196	8	7	7	6	6	8	7	
36278126	7	8	6	6	6	7	7	
36279056	7	65	7	76	78	8	71	
36279986	7	6	7	7	7	7	6	
36280916	8	7	6	7	6	6	7	
36281846	8	7	7	7	6	7	6	
36282776	7	7	86	8	93	87	79	
36283706	6	7	7	5	7	7	7	
36284635	84	7	8	111	8	104	98	
36285565	7	7	8	7	6	7	5	
36286495	7	6	6	8	7	7	7	
36287425	7	68	7	78	77	7	67	
36288355	7	7	7	6	7	7	6	
36289285	8	8	6	6	7	7	7	
36290215	7	8	6	7	6	8	6	
36291145	7	8	80	8	91	85	80	
36292074	7	7	7	5	6	7	6	
36293004	84	8	7	107	8	102	98	
36293934	8	7	6	6	6	7	7	
36294864	8	7	6	6	6	6	7	
36295794	8	67	7	78	80	8	69	
36296724	7	8	6	6	6	7	7	
36297654	7	6	7	7	7	6	6	
36301373	83	7	7	102	8	105	91	
36303233	7	7	8	6	6	7	6	
36305093	7	6	7	7	6	6	7	
36306023	7	7	7	6	7	7	7	
36306952	7	7	6	7	6	6	6	
36307882	7	8	82	8	93	87	82	
36308812	83	8	7	106	8	101	94	
36309742	86	8	6	14	7	105	15	
36310672	7	8	7	76	7	7	6	
36311602	7	53	7	7	61	8	52	
36312532	7	69	8	79	81	8	69	
36313462	7	7	6	8	6	7	7	
36319041	7	6	7	77	6	7	6	
36319971	7	68	8	6	78	7	68	
36321830	7	8	6	7	7	6	7	
36323690	8	7	6	6	6	6	7	
36324620	6	8	79	8	92	87	79	
36325550	81	8	7	106	8	102	95	
36326480	81	8	7	13	7	104	19	
36327410	7	8	7	74	6	6	6	
36328340	8	69	7	7	77	8	70	
36329269	7	68	8	71	39	8	22	
36330199	8	7	6	7	7	7	6	
36331129	7	7	6	7	5	8	69	
36332059	7	6	6	7	6	6	7	
36332989	7	8	83	7	95	86	81	
36333919	81	6	6	106	9	104	98	
36334849	85	7	7	20	8	99	19	
36335779	7	7	7	75	6	7	7	
36336708	7	68	8	7	77	8	68	
36337638	7	69	8	79	45	7	7	
36338568	8	7	6	5	6	7	6	
36339498	7	7	6	7	6	8	69	
36340428	7	7	7	7	7	7	6	
36341358	6	8	82	8	90	87	80	
36342288	84	7	7	108	8	102	96	
36343218	84	8	7	22	7	104	17	
36344147	7	7	6	58	6	7	6	
36345077	7	68	7	8	77	8	70	
36346007	8	69	9	77	43	6	6	
36346937	7	8	7	7	6	7	6	
36347867	7	7	7	7	7	7	69	
36348797	7	8	35	7	38	36	34	
36349727	6	7	82	8	91	89	81	
36350657	82	8	7	107	8	103	96	
36351586	83	8	5	17	6	100	15	
36352516	8	7	6	7	7	7	7	
36353446	8	70	8	7	78	8	72	
36354376	8	69	8	76	43	7	7	
36355306	8	7	6	6	7	7	6	
36356236	7	8	7	6	7	8	68	
36357166	6	7	82	9	91	91	83	
36358096	7	7	82	8	88	85	78	
36359025	79	7	7	108	8	104	98	
36359955	82	8	7	59	7	102	58	
36360885	8	7	7	8	7	7	6	
36361815	7	67	7	15	78	7	69	
36362745	8	67	8	75	45	7	6	
36363675	7	7	7	7	5	8	7	
36364605	8	7	6	7	7	8	68	
36365535	7	8	84	8	91	90	84	
36366464	7	7	83	8	7	84	7	
36367394	85	7	8	108	9	106	97	
36368324	83	7	7	106	9	106	98	
36369254	7	8	7	30	7	6	6	
36370184	7	68	7	77	79	7	70	
36371114	8	69	7	75	43	7	7	
36372044	7	7	7	7	5	7	6	
36372974	7	7	7	6	6	7	44	
36373903	7	7	83	9	91	88	83	
36374833	7	7	85	8	7	87	7	
36375763	84	8	7	107	7	104	99	
36380413	8	7	6	7	94	7	7	
36382272	6	8	83	8	90	90	80	
36384132	83	7	7	107	7	101	96	
36385062	82	8	6	107	8	107	98	
36385992	7	8	7	77	7	7	7	
36386922	8	67	8	78	76	8	69	
36387852	7	70	7	66	45	7	70	
36388781	7	7	6	7	104	6	7	
36389711	8	8	6	7	7	7	7	
36390641	7	8	85	8	93	87	34	
36391571	7	7	85	7	6	84	7	
36395291	7	67	8	75	79	8	69	
36397150	7	6	6	7	106	8	7	
36399010	6	7	83	9	89	86	29	
36399940	7	7	81	8	7	84	7	
36400870	86	8	7	109	9	105	96	
36401800	81	7	8	106	8	102	95	
36402730	7	8	6	75	6	7	7	
36403659	8	71	9	75	77	8	70	
36404589	7	68	8	7	76	8	70	
36405519	8	7	7	7	101	7	7	
36406449	7	8	7	7	7	6	15	
36407379	6	7	81	8	89	85	32	
36408309	7	7	13	7	8	12	35	
36409239	86	8	7	111	9	103	96	
36410169	86	8	6	110	8	104	101	
36411098	8	7	7	76	7	7	7	
36412028	8	69	8	78	79	8	71	
36412958	7	68	7	8	78	8	69	
36413888	7	7	6	6	104	7	6	
36414818	7	7	6	6	6	8	61	
36415748	7	7	83	7	92	84	51	
36416678	6	8	84	9	92	88	80	
36417608	83	7	7	106	8	104	95	
36418537	85	8	7	99	8	103	91	
36419467	7	7	7	76	7	8	22	
36420397	8	68	8	77	79	8	69	
36421327	7	67	7	8	78	8	66	
36422257	8	7	6	6	47	7	6	
36423187	7	7	6	7	6	6	6	
36424117	7	8	83	8	93	85	60	
36425047	6	7	86	8	90	88	82	
36425976	82	7	8	106	7	105	94	
36426906	80	8	7	105	8	107	98	
36427836	7	7	7	74	7	8	42	
36428766	7	66	8	78	75	8	67	
36429696	7	69	7	7	79	8	68	
36430626	8	7	7	8	7	7	6	
36431556	7	7	7	7	7	7	6	
36432486	6	8	84	9	91	91	57	
36433415	7	7	86	9	92	85	80	
36434345	83	7	7	111	8	106	97	
36435275	85	8	7	108	8	104	97	
36436205	7	7	8	75	7	7	7	
36437135	7	68	9	77	80	8	68	
36438065	8	71	8	7	74	8	69	
36438995	7	7	7	6	6	6	6	
36440854	7	8	83	8	89	88	82	
36442714	86	8	7	108	8	104	97	
36443644	62	8	7	82	7	76	70	
36444574	8	7	8	77	7	6	6	
36445504	7	69	8	77	77	9	67	
36446434	8	68	8	43	57	8	37	
36447364	7	7	7	7	6	7	6	
36448293	8	7	6	6	6	5	7	
36449223	7	8	84	8	88	88	81	
36450153	7	7	7	8	7	7	7	
36451083	81	7	6	104	8	105	94	
36452013	7	8	6	6	6	7	7	
36452943	7	7	6	12	6	6	7	
36453873	7	70	8	76	77	8	72	
36454803	7	69	8	8	76	8	71	
36456662	7	6	7	7	7	6	22	
36458522	7	8	6	7	6	7	7	
36459452	82	8	7	102	8	106	90	
36460382	7	7	7	7	7	7	6	
36461312	8	8	8	7	6	7	6	
36462242	8	67	8	76	81	9	70	
36463171	8	69	7	8	80	8	68	
36464101	7	8	7	8	7	7	8	
36465031	7	7	7	7	6	7	28	
36465961	7	7	84	8	91	87	78	
36466891	7	7	7	6	6	7	5	
36467821	83	8	7	99	8	105	91	
36468751	7	7	7	7	6	7	6	
36469681	7	7	6	7	7	7	7	
36470610	8	67	8	54	62	8	71	
36471540	7	41	7	7	45	8	42	
36472470	7	8	7	7	6	7	6	
36473400	8	6	6	6	7	6	6	
36474330	6	6	35	6	25	39	82	
36475260	7	7	7	6	7	6	6	
36476190	85	7	7	112	8	104	99	
36477120	7	7	7	6	6	7	6	
36478049	8	7	7	6	6	7	7	
36478979	7	70	8	24	43	8	72	
36479909	8	8	7	7	6	7	7	
36480839	7	7	7	7	6	6	6	
36481769	7	7	7	7	6	6	6	
36482699	6	7	23	8	11	25	78	
36483629	8	7	7	7	7	7	7	
36484559	82	8	8	110	8	105	98	
36485488	8	7	7	7	6	6	5	
36486418	8	7	7	7	7	7	7	
36487348	7	69	7	36	52	8	69	
36488278	7	7	7	7	7	6	7	
36489208	7	7	7	7	7	7	7	
36490138	7	7	6	6	6	7	6	
36491068	7	7	83	8	91	85	82	
36491998	7	7	6	7	6	6	6	
36492927	83	7	7	105	8	102	94	
36493857	7	7	7	7	7	7	7	
36494787	7	7	7	7	6	7	6	
36495717	8	67	8	78	81	7	68	
36496647	7	7	7	6	6	7	6	
36497577	7	7	6	6	6	6	7	
36498507	7	7	6	6	7	7	6	
36499437	6	7	85	8	90	90	80	
36500366	7	7	7	6	6	6	8	
36501296	83	7	6	111	8	104	100	
36502226	7	7	8	7	7	7	7	
36503156	7	7	7	7	7	7	6	
36504086	7	67	8	78	78	8	66	
36505016	7	6	7	7	7	7	6	
36505946	7	8	7	7	6	7	5	
36506876	7	6	7	7	6	6	6	
36507805	7	8	85	8	91	90	80	
36508735	7	7	8	7	7	7	6	
36509665	84	8	8	106	8	103	99	
36510595	7	7	6	7	6	7	7	
36511525	7	7	6	7	6	7	7	
36512455	7	72	8	77	76	8	71	
36513385	7	7	7	7	6	7	6	
36514315	7	8	7	7	6	7	7	
36515244	7	7	6	8	6	6	6	
36516174	7	7	86	9	94	89	83	
36517104	6	8	5	7	6	6	6	
36518034	84	7	7	100	8	100	93	
36519894	8	7	7	7	7	7	7	
36521754	7	7	7	7	7	7	6	
36522683	8	7	6	6	8	7	7	
36523613	7	7	7	7	6	6	7	
36524543	7	7	81	8	88	87	80	
36525473	84	8	7	104	8	102	95	
36526403	84	8	6	71	8	102	71	
36527333	7	7	7	47	7	7	6	
36528263	7	8	6	7	6	7	6	
36529193	7	68	7	76	79	8	70	
36530122	7	7	6	6	7	7	7	
36531052	7	7	7	6	7	7	7	
36531982	8	8	7	7	6	7	6	
36533842	82	8	7	106	9	106	99	
36534772	84	8	7	18	8	104	16	
36535702	7	8	7	78	6	6	7	
36537561	8	68	7	75	70	8	66	
36539421	7	7	6	7	7	7	51	
36540351	7	8	7	6	7	7	7	
36541281	6	7	80	9	91	86	80	
36542211	86	8	6	107	8	109	98	
36543141	85	8	6	19	7	104	15	
36544071	7	8	7	76	7	7	6	
36545000	8	70	7	8	75	8	66	
36545930	7	70	7	62	42	8	67	
36546860	8	8	6	6	6	7	7	
36547790	8	7	7	6	6	7	68	
36548720	7	8	5	7	7	6	6	
36549650	6	8	85	8	93	84	82	
36550580	80	8	7	103	8	102	93	
36551510	85	8	6	21	8	100	14	
36552439	7	8	7	75	6	7	6	
36553369	8	66	7	8	77	8	68	
36554299	7	68	8	76	40	6	7	
36555229	8	8	7	8	8	7	6	
36556159	6	7	6	6	6	7	69	
36557089	7	7	7	7	7	7	7	
36558019	7	8	82	8	90	88	81	
36558949	83	7	7	107	8	106	97	
36559878	82	7	7	16	5	102	22	
36560808	7	8	8	76	7	6	5	
36561738	8	70	8	8	76	8	69	
36562668	8	70	8	80	43	7	6	
36563598	7	7	7	6	6	6	7	
36564528	7	7	6	7	6	8	68	
36565458	8	7	7	7	6	7	6	
36566388	8	7	85	9	91	86	81	
36567317	86	7	7	108	9	105	98	
36568247	83	7	7	16	8	104	14	
36569177	6	7	7	21	7	6	6	
36570107	8	68	7	7	78	8	71	
36571037	8	68	8	75	42	7	6	
36571967	7	7	5	7	7	8	7	
36572897	7	7	7	7	7	7	70	
36573827	6	7	77	8	82	81	76	
36574756	7	7	85	8	93	86	81	
36575686	84	7	7	107	8	101	98	
36576616	82	6	6	14	7	103	17	
36577546	7	7	8	7	7	8	6	
36578476	8	70	8	7	79	8	67	
36581266	8	8	7	7	7	8	69	
36583125	7	7	83	8	61	85	56	
36584985	84	7	8	96	7	102	87	
36585915	7	7	8	7	7	7	6	
36586845	8	69	7	42	75	8	68	
36587775	7	69	8	79	42	7	6	
36588705	7	7	8	6	7	7	7	
36589634	7	8	6	6	7	8	70	
36590564	7	7	82	8	89	87	81	
36591494	6	7	82	7	7	83	6	
36592424	82	7	6	109	8	104	95	
36593354	82	8	8	109	8	106	95	
36594284	8	7	7	51	6	7	6	
36597073	6	7	6	7	14	7	6	
36598003	7	8	7	8	7	7	20	
36598933	7	7	84	8	91	87	80	
36600793	81	8	7	106	8	105	97	
36602653	8	7	8	75	7	6	6	
36603583	7	71	8	79	78	8	67	
36604512	7	68	8	75	40	8	30	
36605442	8	8	7	7	101	7	7	
36606372	7	7	6	6	7	7	6	
36607302	6	7	81	8	92	87	60	
36608232	7	7	77	8	7	84	7	
36609162	82	8	7	106	8	103	97	
36610092	86	8	7	111	8	104	101	
36611022	7	7	7	75	7	7	6	
36611951	7	67	7	77	79	8	72	
36612881	7	69	7	23	65	8	69	
36613811	8	7	6	7	106	7	7	
36614741	7	8	6	7	6	6	7	
36615671	7	8	83	8	93	87	33	
36616601	6	8	79	7	7	85	7	
36617531	82	8	7	105	8	100	97	
36618461	84	7	7	107	8	105	95	
36619390	7	7	7	75	6	6	6	
36620320	7	70	8	79	79	8	69	
36621250	7	68	8	7	77	7	70	
36622180	7	7	6	7	101	7	6	
36623110	8	7	6	6	6	7	7	
36624040	7	7	83	7	91	86	33	
36624970	7	7	68	7	8	70	21	
36625900	83	7	7	106	7	104	98	
36626829	81	8	7	106	8	103	97	
36627759	7	8	7	75	7	7	7	
36628689	7	66	8	78	75	8	69	
36629619	8	68	7	8	76	8	70	
36630549	8	7	7	7	103	7	7	
36631479	8	8	7	7	7	7	36	
36632409	6	8	84	7	91	84	34	
36633339	8	8	23	7	23	23	28	
36634268	85	7	7	109	8	105	96	
36635198	84	8	7	109	8	104	97	
36636128	7	7	7	76	7	7	6	
36637058	8	69	8	74	77	8	69	
36637988	7	68	7	7	78	8	70	
36638918	7	7	7	7	101	8	6	
36639848	7	7	6	7	6	6	37	
36640778	7	8	84	8	88	86	55	
36641707	7	8	80	8	91	88	80	
36642637	85	8	7	109	8	101	99	
36643567	83	8	8	105	9	104	94	
36644497	7	7	6	76	7	7	46	
36645427	7	72	7	79	77	8	68	
36646357	7	67	7	7	79	8	69	
36647287	7	6	6	6	10	7	7	
36648217	7	8	7	7	7	7	6	
36649146	7	8	82	8	92	86	60	
36650076	6	8	81	8	91	84	82	
36651006	83	7	7	109	8	105	97	
36651936	84	7	7	106	9	105	97	
36652866	7	7	7	76	6	7	9	
36653796	7	69	8	76	78	8	66	
36654726	8	69	7	7	80	7	69	
36655656	8	7	6	6	7	7	6	
36656585	7	7	7	6	6	6	6	
36657515	7	7	83	7	90	88	65	
36659375	82	8	7	106	8	102	97	
36661235	7	8	7	75	7	6	7	
36662165	7	68	8	78	80	8	67	
36663095	8	67	7	28	64	7	47	
36664024	7	7	6	6	7	6	6	
36664954	8	7	6	7	6	6	7	
36665884	6	7	83	9	92	88	80	
36666814	7	7	6	7	7	7	6	
36667744	86	8	7	113	9	105	96	
36668674	27	8	7	31	7	32	31	
36669604	7	8	6	75	7	7	7	
36670534	6	66	8	76	76	9	69	
36671463	8	66	8	15	74	8	58	
36672393	6	7	6	6	6	7	6	
36673323	6	8	7	6	7	6	7	
36674253	7	8	83	8	94	89	77	
36675183	8	7	7	7	7	6	7	
36676113	84	8	8	105	8	100	94	
36677043	7	7	6	7	7	7	6	
36677973	7	7	8	7	6	7	7	
36678902	7	69	8	78	78	8	68	
36679832	8	69	8	8	80	8	70	
36680762	8	8	7	6	6	7	6	
36681692	7	8	8	7	6	7	43	
36682622	7	7	83	9	91	86	83	
36683552	7	8	7	6	5	7	6	
36684482	82	8	7	96	8	105	88	
36685412	8	7	7	7	7	6	7	
36686341	7	8	8	7	7	8	7	
36687271	7	68	8	77	79	9	70	
36688201	7	69	8	7	78	8	68	
36689131	6	8	7	6	6	6	6	
36690061	7	7	6	7	6	6	7	
36690991	7	7	79	7	84	87	79	
36691921	7	7	6	7	6	7	6	
36692851	86	8	7	105	7	104	95	
36693780	7	7	7	6	6	8	6	
36694710	8	7	7	7	6	6	7	
36695640	7	69	7	27	47	8	69	
36696570	7	14	6	6	13	6	13	
36697500	7	7	7	7	6	7	7	
36698430	7	7	7	7	6	6	7	
36699360	7	7	19	8	10	25	79	
36700290	7	8	6	7	6	7	7	
36701219	81	9	7	107	8	103	98	
36702149	7	7	7	7	7	8	6	
36703079	7	7	7	7	7	7	6	
36704009	8	67	8	26	40	8	68	
36704939	8	7	7	6	6	8	5	
36705869	7	8	6	7	7	7	6	
36706799	7	7	6	7	7	8	6	
36707729	6	8	57	8	54	59	80	
36708658	7	7	6	7	6	7	6	
36709588	83	8	7	111	8	103	100	
36710518	7	8	7	7	7	6	7	
36711448	6	7	7	8	7	7	6	
36712378	7	66	8	66	71	9	66	
36713308	8	8	6	7	6	7	7	
36714238	7	7	7	6	7	7	6	
36715168	7	7	7	7	5	7	7	
36716097	7	7	82	8	90	86	81	
36717027	6	8	7	7	6	7	7	
36717957	83	8	8	106	8	106	99	
36718887	7	8	7	7	7	8	6	
36723536	7	7	5	7	6	7	7	
36724466	6	8	86	8	92	88	81	
36726326	83	7	7	111	8	101	95	
36728186	8	7	7	7	7	6	7	
36729116	7	68	7	77	80	8	70	
36730046	7	7	7	6	6	7	7	
36730975	8	8	7	7	6	7	7	
36731905	7	7	7	7	6	7	6	
36732835	7	8	84	9	89	89	83	
36733765	7	8	7	7	7	7	6	
36734695	83	8	7	109	9	101	98	
36735625	7	8	7	6	7	7	6	
36736555	7	7	7	7	7	7	7	
36737485	8	71	8	78	77	8	69	
36738414	7	8	7	6	7	6	7	
36739344	7	7	6	6	6	7	7	
36740274	7	7	6	7	6	7	7	
36741204	6	7	83	8	90	85	85	
36742134	38	7	7	49	7	45	42	
36743064	84	7	7	98	8	104	87	
36743994	7	8	7	7	7	7	6	
36744924	8	7	8	7	7	7	7	
36745853	7	70	7	74	77	8	70	
36746783	7	6	7	7	6	7	8	
36747713	6	8	7	7	6	7	7	
36748643	7	7	7	7	7	6	6	
36749573	6	7	82	8	89	87	81	
36750503	77	7	6	103	9	101	95	
36757942	7	8	83	8	89	87	81	
36758872	85	8	8	108	8	105	97	
36760731	7	6	7	77	7	7	6	
36762591	7	68	7	72	55	8	70	
36763521	7	7	7	8	7	7	5	
36764451	7	7	7	7	7	8	68	
36765381	6	6	6	7	7	6	6	
36766311	8	7	85	8	92	87	81	
36767241	84	7	8	108	8	108	98	
36768170	85	8	6	18	7	102	19	
36769100	7	8	7	77	7	7	6	
36770030	7	70	8	8	77	8	68	
36770960	8	68	8	69	40	7	48	
36771890	7	7	7	7	6	7	7	
36772820	7	8	7	7	7	7	66	
36773750	8	8	7	7	7	7	8	
36774680	7	8	83	8	88	87	81	
36775609	87	7	7	107	9	103	96	
36776539	84	8	7	13	8	103	16	
36777469	8	7	8	76	7	7	6	
36778399	7	71	8	8	78	8	71	
36779329	8	68	8	77	42	7	6	
36780259	8	8	7	6	5	7	7	
36781189	7	7	6	7	7	8	70	
36783048	6	8	86	8	94	86	81	
36783978	80	7	7	107	9	105	100	
36785838	7	7	7	72	7	6	7	
36786768	8	67	7	8	77	8	69	
36788628	7	7	7	7	7	7	7	
36789558	7	7	6	7	6	8	70	
36790487	7	6	16	7	19	17	18	
36791417	7	8	87	8	91	83	78	
36792347	80	9	6	105	8	101	98	
36793277	82	8	8	17	7	102	13	
36794207	7	7	7	7	7	7	7	
36795137	8	69	8	7	77	8	68	
36796067	8	67	8	77	41	8	6	
36796997	7	8	7	6	6	7	7	
36797926	7	7	7	7	7	7	68	
36798856	7	7	83	8	90	88	83	
36800716	84	7	8	109	9	104	98	
36802576	7	8	7	7	7	8	7	
36803506	7	68	7	8	79	9	68	
36804436	7	72	7	75	42	8	7	
36805365	7	7	6	7	6	7	7	
36806295	8	8	7	7	6	8	69	
36807225	7	8	81	8	93	91	79	
36808155	7	7	83	7	26	85	24	
36809085	82	7	7	106	9	105	96	
36810015	84	9	7	103	8	104	92	
36810945	7	7	7	7	6	8	6	
36811875	8	66	8	73	77	8	69	
36812804	7	68	8	75	50	7	7	
36813734	7	8	6	7	6	6	6	
36814664	7	7	7	6	6	8	68	
36815594	7	7	86	7	92	84	81	
36816524	6	7	80	7	7	87	7	
36817454	81	7	8	104	8	104	95	
36818384	83	7	7	111	8	106	97	
36819314	7	8	7	74	7	7	6	
36820243	7	67	9	77	76	9	65	
36821173	7	70	8	78	43	7	7	
36822103	6	6	7	7	57	7	7	
36823033	7	6	6	7	6	7	6	
36823963	7	8	84	9	91	89	81	
36824893	6	7	81	8	7	85	6	
36825823	80	8	7	108	8	103	99	
36826753	83	7	7	105	7	105	100	
36827682	8	7	8	78	7	8	6	
36828612	8	70	7	78	80	9	68	
36829542	7	68	8	75	37	8	56	
36830472	7	7	7	7	99	7	7	
36831402	8	7	7	7	6	7	7	
36832332	6	8	83	8	89	85	43	
36833262	7	7	82	8	7	84	6	
36834192	87	7	8	109	9	105	97	
36835121	85	8	7	106	8	103	97	
36836051	7	8	6	79	6	6	7	
36836981	8	71	7	77	80	9	70	
36837911	8	68	8	7	75	8	68	
36838841	7	7	7	7	103	7	7	
36839771	7	7	7	7	7	7	6	
36840701	7	7	80	8	91	86	31	
36841631	6	8	84	7	7	82	7	
36842560	83	8	8	107	8	103	97	
36843490	81	8	7	108	7	103	96	
36844420	7	7	7	75	6	6	7	
36845350	7	68	8	77	79	8	69	
36846280	8	68	7	7	75	8	68	
36847210	7	7	7	8	102	7	6	
36848140	7	7	7	6	7	7	6	
36849070	7	8	80	9	93	87	33	
36849999	7	7	34	7	7	34	41	
36850929	84	8	6	103	9	106	96	
36851859	84	8	7	106	8	104	96	
36852789	8	7	8	77	8	7	6	
36853719	7	70	8	78	80	7	67	
36854649	7	68	8	8	78	8	70	
36855579	8	7	7	7	105	7	6	
36856509	7	7	6	6	6	8	65	
36857438	7	8	81	8	90	85	37	
36858368	7	8	62	7	66	64	62	
36859298	83	7	8	110	9	103	99	
36862088	7	70	7	77	78	8	70	
36863948	8	7	7	6	90	7	6	
36865807	6	7	84	7	93	83	56	
36866737	7	8	86	8	87	85	82	
36867667	82	7	8	108	8	106	96	
36868597	84	7	7	110	9	109	99	
36869527	6	8	8	76	8	8	62	
36870457	7	70	7	77	76	8	67	
36871387	8	67	8	8	75	9	70	
36872316	8	7	6	7	6	7	6	
36873246	7	7	7	7	6	7	7	
36874176	7	7	85	9	91	86	56	
36875106	6	7	83	9	91	86	82	
36876036	83	7	7	108	8	102	95	
36876966	81	7	7	105	9	102	97	
36877896	8	7	7	75	7	7	7	
36878826	8	67	8	79	77	8	69	
36879755	7	69	6	7	77	8	70	
36880685	7	7	7	6	6	7	6	
36881615	7	7	6	7	7	6	8	
36882545	6	8	83	8	89	87	77	
36883475	6	7	37	7	44	41	36	
36884405	82	7	7	105	8	104	97	
36885335	81	7	7	105	9	103	92	
36886265	7	7	8	76	7	7	6	
36887194	8	66	8	79	78	9	71	
36888124	7	68	8	47	49	7	30	
36889054	7	7	6	7	6	7	6	
36889984	7	7	6	7	6	7	7	
36890914	6	6	82	8	89	85	79	
36891844	7	7	6	6	7	6	6	
36892774	83	8	8	108	8	104	97	
36893704	8	7	7	8	7	7	6	
36894633	7	7	7	35	6	7	6	
36895563	8	73	8	80	76	8	70	
36896493	8	67	7	7	78	9	68	
36897423	8	8	6	7	7	7	7	
36898353	8	8	7	7	6	7	6	
36899283	6	8	82	8	94	85	79	
36900213	7	7	6	7	6	7	6	
36901143	87	8	6	92	7	104	90	
36902072	7	8	7	6	7	7	7	
36903002	8	7	6	7	6	7	6	
36903932	7	70	8	76	79	8	68	
36904862	7	68	8	8	77	8	68	
36905792	8	8	7	6	6	7	7	
36906722	7	7	5	7	6	8	50	
36907652	6	7	85	9	93	87	80	
36908582	8	7	7	6	6	7	7	
36909511	84	8	8	98	7	105	91	
36910441	7	7	7	7	7	7	7	
36911371	7	7	7	7	7	7	7	
36912301	8	67	7	72	74	8	68	
36913231	8	64	8	6	71	8	63	
36914161	7	8	7	7	6	7	7	
36915091	7	7	7	7	6	7	7	
36916021	7	8	54	7	50	56	79	
36916950	7	8	7	7	7	7	7	
36917880	79	7	7	106	9	101	96	
36918810	7	7	7	6	6	7	6	
36919740	7	7	7	8	6	7	6	
36920670	7	69	7	19	40	8	71	
36921600	6	7	7	8	7	7	7	
36922530	7	7	6	7	6	6	6	
36923460	6	7	7	7	6	7	7	
36924389	7	8	24	6	7	22	82	
36925319	7	8	6	6	6	7	7	
36926249	84	8	7	108	8	101	98	
36927179	7	7	7	7	6	7	7	
36928109	8	8	8	6	7	7	7	
36929039	8	66	8	27	40	8	68	
36929969	7	7	7	7	6	7	5	
36930899	7	7	7	7	7	7	6	
36931828	7	7	7	7	6	6	8	
36932758	6	7	81	9	85	81	81	
36933688	7	7	6	6	7	7	7	
36934618	83	8	7	109	8	104	99	
36935548	7	8	6	7	7	7	7	
36936478	7	7	6	8	7	7	7	
36937408	7	71	8	78	78	8	69	
36939267	7	7	6	7	7	8	6	
36941127	6	7	85	8	93	86	77	
36942987	83	7	7	107	8	106	97	
36943917	7	8	8	7	6	7	7	
36944847	7	7	6	7	7	6	6	
36945777	7	69	8	77	80	8	71	
36946706	7	7	5	7	6	6	8	
36947636	7	8	7	7	6	7	6	
36948566	7	6	7	6	5	7	6	
36949496	6	6	83	8	92	89	80	
36950426	7	7	7	6	6	6	6	
36951356	87	7	6	104	9	106	98	
36952286	7	8	6	7	6	7	7	
36953216	7	8	7	7	5	7	7	
36954145	7	65	8	75	78	9	69	
36955075	7	7	7	7	7	7	7	
36956005	6	7	7	7	7	7	6	
36956935	7	7	6	7	6	6	7	
36957865	7	8	82	8	92	85	79	
36958795	7	7	7	6	6	7	6	
36959725	81	7	6	108	8	102	97	
36960655	8	7	7	7	6	6	7	
36961584	7	8	7	6	6	7	6	
36962514	7	71	8	78	81	8	68	
36963444	7	7	6	7	6	7	7	
36964374	6	7	6	6	5	7	6	
36965304	6	7	6	7	6	6	6	
36966234	7	7	85	8	93	84	82	
36967164	66	8	6	88	8	84	77	
36968094	84	8	7	100	8	103	85	
36969023	8	8	7	24	6	7	6	
36969953	7	7	6	7	6	7	6	
36970883	7	69	7	79	79	8	68	
36971813	7	7	6	7	6	7	6	
36972743	7	7	6	7	6	6	7	
36973673	8	7	7	7	7	7	6	
36974603	6	7	84	8	84	88	80	
36975533	80	7	7	103	8	100	96	
36976462	82	8	7	18	7	104	13	
36977392	8	6	7	74	7	7	6	
36978322	8	60	7	7	65	8	60	
36979252	7	69	7	76	76	9	67	
36980182	7	8	8	6	6	8	6	
36981112	8	8	7	7	7	8	35	
36982042	7	7	6	6	5	6	6	
36982972	7	7	82	8	89	86	82	
36983901	82	8	6	111	8	104	99	
36984831	83	7	6	15	8	102	15	
36985761	7	8	6	74	7	7	6	
36986691	7	69	7	8	77	7	65	
36987621	7	70	7	65	42	7	67	
36988551	8	8	7	7	7	7	7	
36989481	7	8	7	6	7	8	65	
36990411	7	8	7	8	6	7	7	
36991340	6	7	81	8	93	89	77	
36992270	82	8	7	106	8	103	97	
36993200	84	7	6	13	8	101	21	
36994130	7	7	8	76	6	7	6	
36995060	8	66	8	8	75	8	67	
36995990	8	66	7	75	38	7	14	
36996920	8	7	6	7	6	7	7	
36997850	7	6	6	7	7	8	70	
36998779	7	8	7	6	6	7	5	
36999709	7	7	81	8	90	86	79	
37001569	83	7	7	13	7	103	14	
37003429	7	70	9	8	77	9	68	
37005289	6	8	6	6	6	8	6	
37006218	7	7	7	8	6	7	67	
37007148	7	7	7	6	5	6	7	
37008078	7	8	83	8	89	87	82	
37009008	83	7	7	109	8	103	99	
37009938	85	8	7	20	8	102	14	
37010868	6	8	7	45	6	7	7	
37011798	8	69	8	8	75	8	68	
37012728	8	69	8	74	43	7	7	
37013657	7	7	6	7	6	7	7	
37014587	7	7	6	6	7	8	68	
37015517	6	7	50	8	55	55	49	
37022956	6	7	7	7	7	8	68	
37023886	6	7	84	8	91	85	79	
37024816	6	8	82	8	82	84	76	
37026676	80	8	6	74	7	103	67	
37028535	8	67	7	25	77	8	71	
37029465	7	68	8	80	41	6	6	
37030395	7	7	7	6	6	7	7	
37031325	7	7	7	6	7	8	70	
37032255	7	7	86	8	92	87	83	
37033185	7	7	85	8	7	86	7	
37034115	81	8	7	108	8	102	98	
37035045	82	8	7	110	8	103	101	
37035974	6	7	7	33	6	7	7	
37036904	7	69	8	77	79	9	67	
37037834	8	66	8	76	43	8	7	
37038764	7	6	7	6	6	7	7	
37039694	6	6	7	7	7	7	38	
37040624	7	8	80	8	90	86	81	
37041554	7	7	84	7	6	84	7	
37042484	83	8	7	108	8	104	96	
37043413	85	7	7	110	8	106	99	
37044343	7	6	7	76	7	7	7	
37045273	8	69	8	75	78	8	68	
37046203	7	64	9	77	41	8	7	
37047133	7	8	7	8	101	7	7	
37048063	7	7	7	7	6	7	7	
37048993	7	7	82	8	93	85	79	
37049923	7	6	83	8	7	83	7	
37050852	79	7	7	108	8	105	99	
37051782	83	8	7	107	8	108	97	
37052712	7	7	7	75	7	7	7	
37053642	7	66	8	80	79	8	69	
37054572	8	69	7	52	50	8	68	
37055502	7	6	6	7	104	7	7	
37056432	7	8	7	7	7	7	7	
37057362	7	8	82	8	91	87	32	
37058291	7	7	78	7	7	85	7	
37059221	79	7	8	109	8	105	100	
37060151	84	7	7	109	8	103	99	
37061081	7	8	7	76	6	7	5	
37062011	8	69	9	76	78	8	69	
37062941	7	68	8	8	79	8	69	
37063871	8	7	7	7	101	8	7	
37064801	7	7	7	7	6	7	7	
37065730	7	7	84	8	91	85	33	
37066660	7	7	82	7	7	85	7	
37067590	82	7	7	107	8	107	98	
37068520	85	8	7	109	9	102	96	
37069450	7	7	8	79	7	7	5	
37070380	7	69	7	78	78	8	69	
37071310	7	71	7	7	78	7	70	
37072240	7	8	7	7	105	8	7	
37073169	7	8	7	7	7	7	21	
37074099	7	7	81	8	89	84	34	
37075029	7	8	12	6	8	13	29	
37075959	82	8	7	109	8	105	98	
37076889	82	8	7	111	9	107	99	
37077819	7	8	7	76	7	6	6	
37080608	7	7	7	7	103	7	6	
37082468	7	8	83	8	90	87	53	
37084328	82	7	6	110	8	104	93	
37085258	82	8	8	101	8	104	89	
37086188	7	7	8	75	7	7	25	
37087118	7	72	7	76	80	8	73	
37088047	7	69	8	7	75	8	68	
37088977	7	8	6	6	42	7	6	
37089907	7	7	6	7	6	7	6	
37090837	7	9	81	8	92	84	56	
37091767	7	8	83	8	88	87	80	
37092697	82	8	8	109	8	103	99	
37093627	82	8	7	108	7	106	95	
37094557	7	8	7	78	7	6	30	
37095486	7	71	7	75	78	9	67	
37097346	7	6	7	7	6	6	6	
37099206	7	7	81	8	87	85	55	
37100136	6	8	84	8	90	88	80	
37101066	86	7	6	108	9	100	98	
37101996	84	8	7	110	7	106	97	
37102925	8	7	6	75	7	7	6	
37103855	7	71	9	75	78	8	70	
37104785	8	69	8	7	75	8	67	
37105715	7	6	7	7	7	7	7	
37106645	8	7	6	6	6	7	7	
37107575	7	7	82	8	91	85	81	
37108505	8	7	9	6	8	10	9	
37109435	88	8	7	107	8	101	97	
37110364	50	7	7	63	8	61	55	
37111294	7	8	7	77	8	7	7	
37112224	8	68	8	77	79	8	69	
37113154	7	68	7	35	62	8	41	
37114084	8	8	6	7	6	6	6	
37115014	7	7	8	7	6	7	7	
37115944	8	7	83	8	90	86	80	
37116874	7	7	7	6	6	7	6	
37117803	81	8	7	104	7	101	99	
37118733	7	7	6	8	7	7	7	
37119663	7	7	6	8	7	7	6	
37120593	8	72	7	78	81	8	69	
37121523	8	67	8	8	79	8	71	
37122453	7	7	6	6	6	7	7	
37123383	7	7	7	6	6	7	31	
37124313	7	7	83	9	91	86	82	
37125242	7	7	7	7	6	6	7	
37126172	82	7	7	100	8	102	84	
37127102	8	7	6	7	7	7	7	
37128032	7	8	6	7	6	7	7	
37128962	7	70	8	78	79	7	71	
37129892	8	68	7	7	78	8	69	
37130822	7	7	6	6	6	7	6	
37131752	7	7	6	7	6	6	18	
37132681	7	8	78	8	90	84	78	
37133611	7	6	6	6	7	7	7	
37134541	87	8	8	103	8	103	91	
37135471	7	6	7	7	7	6	6	
37136401	7	7	7	7	7	6	5	
37137331	7	70	8	45	57	8	66	
37138261	8	34	6	7	38	8	33	
37139191	7	7	7	6	7	7	6	
37140120	7	5	6	7	6	7	6	
37142910	83	8	7	106	9	102	98	
37143840	7	8	6	7	6	6	7	
37145700	8	69	8	19	34	8	71	
37147559	7	8	7	6	6	6	6	
37148489	7	8	7	6	5	7	7	
37149419	8	6	28	8	24	34	80	
37150349	6	7	7	7	6	6	7	
37151279	83	8	7	105	8	105	96	
37152209	7	7	6	6	7	7	6	
37153139	7	7	7	7	7	6	6	
37154069	8	67	7	47	58	9	67	
37154998	7	7	6	7	6	7	6	
37155928	7	8	7	7	6	7	7	
37156858	6	7	7	5	6	7	6	
37157788	7	8	84	9	92	86	80	
37158718	7	8	6	7	6	6	7	
37159648	80	7	7	107	7	105	95	
37160578	6	7	6	7	7	8	7	
37161508	7	7	6	7	6	7	7	
37162437	8	70	8	76	77	7	69	
37163367	8	8	6	8	6	7	6	
37164297	7	7	7	7	6	7	6	
37165227	8	7	7	7	6	7	6	
37166157	6	8	81	8	95	87	78	
37167087	7	8	6	6	6	7	7	
37168017	85	8	8	107	7	104	98	
37168947	8	8	7	7	7	7	7	
37169876	7	8	6	8	7	7	7	
37170806	7	70	8	76	79	8	69	
37171736	7	8	7	7	6	7	7	
37172666	7	7	6	7	7	6	6	
37173596	7	6	4	7	6	7	6	
37174526	7	8	83	7	91	87	81	
37175456	8	7	6	7	7	6	7	
37176386	84	8	7	109	9	103	100	
37177315	7	8	7	8	6	7	6	
37178245	7	8	7	6	6	7	7	
37179175	8	70	7	78	78	8	67	
37180105	7	7	7	7	6	7	5	
37181035	7	8	7	6	6	7	6	
37181965	7	8	7	7	7	7	6	
37182895	7	7	85	8	94	86	79	
37183825	17	8	7	20	6	20	19	
37184754	84	7	7	102	8	100	92	
37185684	8	8	7	6	7	7	8	
37186614	7	8	8	6	6	7	7	
37187544	8	70	7	76	79	8	69	
37188474	8	7	6	7	7	7	7	
37189404	7	7	7	6	6	7	6	
37190334	7	8	7	7	6	6	6	
37191264	6	8	79	8	92	87	80	
37192193	80	8	7	105	9	104	95	
37193123	79	8	7	65	8	104	60	
37194053	7	7	7	58	7	6	7	
37194983	8	11	6	6	10	6	9	
37195913	7	69	7	77	76	9	71	
37196843	7	8	7	7	6	7	7	
37197773	7	7	7	8	6	7	6	
37198703	8	7	7	6	7	7	6	
37199632	7	8	80	8	92	81	78	
37200562	82	7	8	109	8	104	95	
37201492	87	7	6	13	6	102	19	
37202422	6	7	7	76	6	7	6	
37203352	7	68	8	8	76	9	69	
37204282	7	67	7	71	65	8	71	
37205212	7	7	6	6	6	7	6	
37206142	7	7	6	7	6	8	63	
37207071	7	7	7	7	7	7	7	
37208001	6	7	81	8	91	86	82	
37208931	85	7	7	110	8	106	96	
37209861	84	8	7	13	7	106	14	
37210791	7	8	7	77	7	7	6	
37211721	8	72	7	7	77	8	68	
37212651	7	69	8	66	41	7	56	
37213581	7	7	7	7	6	8	7	
37214510	6	7	7	6	6	8	67	
37215440	7	7	7	6	6	7	6	
37216370	7	7	86	8	88	85	82	
37217300	83	8	7	105	8	103	96	
37218230	84	7	6	15	8	98	15	
37219160	7	7	7	79	6	7	6	
37220090	8	68	7	7	79	9	71	
37221949	7	8	6	7	7	7	6	
37223809	7	7	7	7	6	6	7	
37224739	6	7	79	8	91	86	82	
37225669	82	8	7	108	8	104	97	
37226599	83	8	7	16	8	106	16	
37227529	7	7	6	74	7	7	6	
37228459	7	69	7	8	78	8	69	
37229388	8	68	7	77	43	7	6	
37230318	7	8	6	7	7	6	7	
37231248	6	7	6	7	7	8	66	
37232178	6	7	7	6	8	9	8	
37233108	7	7	83	8	94	88	81	
37234038	82	7	8	108	8	104	99	
37234968	84	8	7	17	8	102	14	
37235898	7	7	7	7	6	7	7	
37237757	7	68	8	73	44	6	6	
37239617	7	8	7	6	7	8	70	
37240547	7	7	85	8	89	86	81	
37241477	6	8	80	8	92	87	79	
37242407	85	8	6	109	7	103	99	
37243337	83	8	7	15	8	100	17	
37244266	7	8	7	7	6	7	6	
37245196	7	71	7	7	79	9	71	
37246126	8	69	8	79	43	6	6	
37247056	7	7	7	7	6	7	6	
37247986	6	7	7	7	6	8	68	
37248916	7	8	84	8	91	84	84	
37249846	8	7	83	7	40	85	38	
37250776	83	8	7	110	9	107	95	
37251705	83	7	7	97	8	103	95	
37252635	7	6	7	7	6	7	7	
37253565	7	67	9	59	77	8	71	
37254495	7	68	8	74	42	6	6	
37255425	7	6	6	6	6	7	6	
37256355	7	6	6	8	6	7	69	
37257285	6	7	80	8	89	87	77	
37258215	7	7	82	8	7	85	7	
37259144	83	7	7	108	8	102	99	
37260074	82	8	7	105	8	105	97	
37261004	7	7	7	74	6	6	7	
37261934	8	67	8	73	77	8	69	
37262864	8	67	7	75	41	7	7	
37263794	7	7	7	7	48	7	5	
37264724	7	7	7	7	6	8	7	
37265654	7	7	85	8	93	84	78	
37266583	7	8	84	8	7	85	6	
37267513	84	8	8	108	8	104	96	
37268443	85	7	7	110	9	103	97	
37269373	7	7	7	75	5	7	7	
37270303	7	66	8	78	78	9	67	
37271233	7	68	7	76	42	7	51	
37272163	7	7	7	6	104	8	7	
37273093	7	7	7	8	6	7	7	
37274022	7	8	83	8	93	82	49	
37274952	7	8	82	8	8	87	7	
37275882	84	7	7	107	9	104	99	
37276812	86	8	7	109	7	103	98	
37277742	7	7	6	78	7	6	6	
37278672	7	69	8	76	78	8	69	
37279602	8	68	7	7	78	9	72	
37280532	6	7	7	7	104	7	6	
37285181	83	7	7	104	8	105	96	
37287041	7	68	8	76	77	7	69	
37288900	7	7	7	7	106	7	6	
37289830	7	8	7	7	6	7	6	
37290760	7	9	80	8	92	87	29	
37291690	8	7	44	7	7	46	41	
37292620	86	7	7	107	8	103	99	
37293550	82	7	7	101	9	103	98	
37294480	7	7	7	74	7	6	6	
37295410	7	68	8	80	82	9	70	
37296339	7	71	7	8	78	8	71	
37301919	84	7	7	104	8	107	94	
37302849	7	8	8	78	7	8	6	
37304708	7	68	8	7	79	8	69	
37306568	7	7	6	6	6	7	21	
37307498	7	8	84	8	90	86	59	
37308428	7	8	83	8	91	89	76	
37309358	82	9	6	109	9	104	96	
37310288	82	8	8	107	8	106	98	
37311217	7	6	7	76	7	9	63	
37312147	8	67	8	77	78	9	68	
37313077	8	69	7	8	75	8	68	
37314007	7	7	7	6	6	7	7	
37314937	7	7	7	6	6	7	6	
37315867	7	8	82	8	90	84	57	
37316797	7	8	83	8	90	86	79	
37317727	82	8	7	106	8	104	100	
37318656	82	7	7	108	8	103	97	
37319586	7	7	7	76	6	7	7	
37320516	8	70	7	74	76	9	68	
37321446	7	68	7	8	80	8	68	
37322376	7	8	6	7	6	7	6	
37323306	7	7	6	6	6	7	7	
37324236	7	8	82	8	90	87	71	
37325166	7	8	53	8	56	52	51	
37326095	81	8	8	102	8	106	99	
37327025	83	8	7	108	7	103	97	
37327955	7	8	7	79	7	7	7	
37328885	8	67	7	77	77	8	70	
37329815	8	68	7	47	56	8	34	
37330745	7	7	7	6	6	7	6	
37331675	7	6	7	6	7	6	7	
37332605	7	7	86	8	93	87	83	
37333534	7	7	7	7	7	6	7	
37334464	84	8	7	107	8	105	96	
37335394	8	7	7	7	7	7	6	
37336324	7	8	7	46	7	7	7	
37337254	7	69	8	78	77	8	70	
37338184	8	70	7	8	76	8	68	
37339114	7	7	7	8	7	7	7	
37340044	7	7	7	7	6	8	7	
37340973	7	7	86	8	91	87	79	
37341903	7	8	7	7	7	7	6	
37342833	83	7	7	100	8	102	93	
37350272	7	7	6	7	7	7	6	
37352132	8	7	7	6	7	7	7	
37353992	7	70	8	78	81	8	70	
37354922	8	69	8	7	74	8	70	
37355851	7	8	7	8	7	7	7	
37356781	7	7	6	7	6	7	7	
37357711	7	8	64	7	67	70	80	
37358641	7	7	6	7	7	7	7	
37365150	8	7	7	6	7	6	6	
37366080	7	7	22	7	10	22	82	
37367940	82	8	8	107	8	104	96	
37369800	8	7	7	7	6	7	6	
37370729	9	69	7	18	39	8	68	
37371659	7	6	6	6	7	6	6	
37372589	7	8	7	6	7	7	8	
37373519	7	7	6	6	7	6	7	
37374449	7	7	72	7	75	71	81	
37375379	7	8	7	6	7	7	7	
37376309	82	8	8	107	9	105	97	
37377239	7	8	6	7	7	7	6	
37378168	7	7	7	7	7	7	7	
37379098	8	71	9	81	77	8	68	
37380028	8	7	6	7	6	7	7	
37380958	8	8	7	7	7	6	7	
37381888	7	7	6	7	6	7	6	
37382818	7	8	84	9	94	86	84	
37383748	7	7	7	8	7	7	7	
37384678	82	8	7	107	8	102	95	
37385607	7	7	8	7	6	7	7	
37386537	7	7	7	6	7	7	6	
37387467	7	70	8	77	80	8	69	
37388397	8	7	7	6	7	7	6	
37389327	7	8	6	6	6	7	7	
37390257	7	7	7	7	6	7	7	
37391187	7	8	85	9	89	85	81	
37392117	7	8	6	7	6	8	6	
37393046	80	8	7	106	8	103	95	
37393976	7	7	6	7	7	6	7	
